0 17
0 58
0 80
0 195
0 259
0 282
0 294
0 592
0 777
0 846
0 876
0 889
0 937
0 958
0 985
1 77
1 273
1 328
1 416
1 604
1 625
1 706
1 733
1 734
1 738
1 806
1 901
2 25
2 143
2 396
2 496
2 836
2 945
3 776
4 8
4 142
4 175
4 270
4 284
4 312
4 352
4 443
4 458
4 473
4 495
4 591
4 635
4 654
4 872
4 884
4 916
5 501
5 523
5 534
5 624
5 684
5 713
5 857
5 879
5 985
6 34
6 41
6 64
6 72
6 252
6 280
6 284
6 364
6 465
6 469
6 470
6 579
6 618
6 761
6 770
6 781
6 880
6 895
7 83
7 176
7 407
7 640
7 696
8 15
8 37
8 163
8 173
8 228
8 384
8 386
8 406
8 460
8 703
8 704
8 926
8 994
9 243
9 313
9 409
9 827
9 834
9 906
9 909
9 961
9 982
10 192
10 226
10 231
10 408
10 444
10 559
10 656
10 981
11 75
11 101
11 102
11 381
11 484
11 658
11 678
11 815
11 915
12 258
12 330
12 386
12 417
12 420
12 536
12 604
12 839
12 862
13 91
13 127
13 214
13 344
13 447
13 459
13 519
13 574
13 621
13 639
13 795
13 840
13 955
14 104
14 224
14 244
14 264
14 398
14 432
14 576
14 620
14 674
14 784
14 821
14 922
15 21
15 130
15 260
15 449
15 506
15 942
16 196
16 243
16 290
16 339
16 497
16 504
16 584
16 671
16 700
16 746
17 29
17 50
17 107
17 383
17 384
17 414
17 539
17 544
17 585
17 600
17 898
17 909
17 956
18 30
18 101
18 160
18 270
18 307
18 359
18 399
18 879
18 959
19 173
19 174
19 280
19 317
19 336
19 660
19 806
19 855
19 902
20 426
20 651
20 658
20 722
20 768
20 847
20 858
20 956
21 64
21 115
21 146
21 242
21 287
21 430
21 641
21 669
21 677
21 798
21 867
22 337
22 338
22 476
22 550
22 556
22 614
22 674
22 718
22 777
22 976
23 184
23 209
23 302
23 523
23 531
23 563
23 714
24 317
24 407
24 470
24 588
24 615
24 634
24 651
24 758
24 921
25 28
25 30
25 104
25 182
25 267
25 396
25 398
25 538
25 630
25 679
25 709
25 740
25 837
25 877
25 951
26 129
26 149
26 189
26 813
26 843
26 987
27 262
27 336
27 350
27 412
27 449
27 493
27 606
27 656
27 672
27 913
28 135
28 322
28 603
28 608
28 663
28 904
29 69
29 183
29 184
29 208
29 235
29 376
29 558
29 627
29 656
29 676
30 363
30 424
30 599
30 634
30 652
30 830
30 946
31 45
31 76
31 96
31 195
31 244
31 245
31 324
31 354
31 365
31 524
31 529
31 694
31 724
31 755
31 939
32 357
32 438
32 451
32 626
32 903
32 980
33 52
33 65
33 107
33 146
33 147
33 166
33 315
33 317
33 349
33 494
33 752
33 763
33 785
33 802
33 847
33 873
33 946
34 45
34 52
34 214
34 298
34 384
34 395
34 403
34 430
34 455
35 134
35 231
35 257
35 322
35 341
35 407
35 471
35 540
35 561
35 626
35 714
35 716
35 741
35 808
35 865
35 998
36 80
36 664
36 750
36 861
36 886
36 910
36 919
36 965
37 194
37 214
37 272
37 550
37 568
37 570
37 649
37 690
37 731
37 801
38 88
38 303
38 346
38 578
38 843
38 987
39 117
39 210
39 334
39 735
39 740
40 135
40 136
40 151
40 287
40 303
40 394
40 398
40 610
40 814
40 928
41 57
41 129
41 168
41 184
41 265
41 297
41 350
41 908
42 288
42 373
42 458
42 491
42 691
42 707
42 846
42 968
43 83
43 368
43 473
43 611
43 674
43 889
43 902
44 236
44 292
44 454
44 566
44 634
44 660
44 726
44 843
44 907
45 203
45 242
45 267
45 309
45 561
45 565
45 574
45 658
45 728
45 781
46 216
46 281
46 664
46 683
46 891
46 970
47 69
47 380
47 494
47 856
48 132
48 238
48 440
48 520
48 719
48 863
48 931
48 982
49 54
49 178
49 231
49 431
49 547
49 797
50 113
50 230
50 440
50 837
50 912
51 112
51 183
51 208
51 429
51 539
51 621
51 632
51 644
51 688
51 705
51 826
51 939
52 294
52 307
52 321
52 329
52 380
52 547
52 573
52 695
52 703
53 233
53 303
53 310
53 468
53 502
53 737
54 187
54 322
54 450
54 552
54 601
54 655
54 694
54 791
54 923
55 79
55 426
55 507
55 842
55 858
55 897
56 128
56 281
56 372
56 456
56 460
56 497
56 523
56 740
56 857
56 973
57 145
57 223
57 248
57 322
57 394
57 412
57 419
57 467
57 514
57 557
57 710
57 723
58 288
58 300
58 456
58 641
58 703
58 718
58 822
58 849
58 927
59 105
59 165
59 336
59 563
59 581
59 720
60 144
60 362
60 424
60 443
60 622
60 669
60 737
60 821
60 824
60 942
60 966
61 135
61 166
61 264
61 277
61 294
61 324
61 459
61 460
61 653
62 83
62 311
62 364
62 448
62 639
62 784
62 863
62 912
63 166
63 219
63 250
63 547
63 635
63 777
63 833
63 903
63 959
63 978
64 160
64 257
64 304
64 449
64 686
64 724
64 884
65 182
65 282
65 285
65 353
65 499
65 532
65 702
65 721
65 736
65 804
65 863
66 136
66 199
66 463
66 565
66 585
66 603
66 618
67 197
67 263
67 523
67 568
67 633
68 102
68 193
68 536
68 757
68 860
68 936
69 84
69 190
69 325
69 332
69 392
69 415
69 428
69 525
69 574
69 611
69 645
69 669
69 706
69 713
70 249
70 308
70 317
70 565
70 580
70 590
70 609
70 712
70 728
70 762
70 779
70 816
70 907
70 913
70 919
70 959
70 979
70 995
71 212
71 314
71 454
71 682
71 812
71 983
72 137
72 387
72 412
72 518
72 529
72 542
72 561
72 581
72 669
72 695
72 794
72 857
72 861
72 874
72 894
73 122
73 171
73 281
74 218
74 769
74 804
74 953
75 96
75 147
75 179
75 316
75 445
75 460
75 482
75 615
75 634
75 650
75 956
76 104
76 150
76 281
76 670
76 702
76 768
76 770
77 120
77 281
77 306
77 371
77 407
77 612
77 834
77 909
78 80
78 124
78 170
78 425
78 767
78 946
79 217
79 250
79 278
79 301
79 859
79 985
79 993
80 158
80 177
80 203
80 459
80 463
80 528
80 606
80 719
80 812
81 263
81 649
82 96
82 156
82 272
82 398
82 437
82 579
82 654
82 744
82 750
82 823
82 901
83 245
83 373
83 393
83 464
83 480
83 682
83 683
83 691
83 878
83 931
83 974
84 213
84 267
84 347
84 395
84 399
84 443
84 444
84 472
84 846
84 903
84 973
84 999
85 242
85 572
85 613
85 639
85 667
85 935
86 101
86 130
86 170
86 273
86 334
86 903
86 959
86 992
87 175
87 193
87 261
87 402
87 505
87 794
87 827
87 876
87 928
88 106
88 163
88 478
88 481
88 601
88 899
88 917
89 168
89 177
89 243
89 283
89 315
89 417
89 458
89 542
89 543
89 870
89 990
90 140
90 256
90 277
90 462
90 472
90 509
90 807
90 849
90 955
91 250
91 360
91 563
91 719
91 723
91 781
91 851
91 933
91 935
91 950
92 144
92 226
92 361
92 564
92 726
92 854
92 923
93 260
93 303
93 352
93 362
93 559
93 651
93 764
93 778
94 145
94 148
94 304
94 375
94 419
94 440
94 463
94 509
94 579
94 986
95 203
95 204
95 338
95 405
95 782
95 799
95 850
95 873
95 936
96 330
96 375
96 411
96 549
96 597
96 607
96 758
96 939
97 125
97 140
97 350
97 648
97 834
97 884
97 897
97 968
98 312
98 411
98 521
98 546
98 576
98 662
98 698
98 705
98 722
98 741
98 985
99 242
99 285
99 350
99 455
99 521
99 636
99 670
99 708
99 845
99 908
100 120
100 139
100 197
100 224
100 286
100 427
100 442
100 491
100 744
100 789
100 977
101 289
101 498
101 559
101 631
101 800
101 827
102 117
102 331
102 379
102 407
102 409
102 583
102 616
102 634
102 730
102 854
102 917
103 206
103 247
103 287
103 440
103 561
103 580
103 599
103 819
103 943
104 142
104 169
104 294
104 315
104 415
104 468
104 665
104 738
104 775
104 796
104 860
105 247
105 411
105 463
105 478
105 527
105 566
105 737
105 765
105 799
105 810
106 219
106 350
106 357
106 392
106 487
106 489
106 582
106 685
106 694
106 781
106 784
106 918
107 196
107 201
107 242
107 320
107 334
107 381
107 441
107 536
107 632
107 633
107 651
107 655
107 675
107 837
108 159
108 225
108 272
108 279
108 394
108 478
108 595
108 610
108 611
108 783
108 818
109 246
109 340
109 626
109 707
109 788
109 904
110 157
110 216
110 322
110 548
110 644
110 666
110 697
110 792
110 920
111 215
111 388
111 420
111 429
111 510
111 818
111 830
111 880
112 150
112 221
112 232
112 289
112 300
112 302
112 340
112 367
112 452
112 515
112 630
112 704
112 787
112 950
112 989
113 116
113 143
113 179
113 215
113 942
114 226
114 244
114 266
114 349
114 583
114 584
114 611
114 731
114 764
114 907
114 931
115 148
115 175
115 221
115 228
115 263
115 387
115 491
115 564
115 607
115 656
115 768
115 912
115 923
116 129
116 373
116 391
116 471
116 700
116 804
117 126
117 326
117 348
117 585
117 672
117 688
117 862
117 908
118 250
118 746
118 840
119 124
119 135
119 293
119 500
119 506
119 572
119 810
119 832
119 908
120 811
120 928
121 228
121 333
121 505
121 894
121 937
122 123
122 138
122 150
122 617
122 625
122 805
122 921
122 924
123 139
123 207
123 345
123 590
123 742
123 965
124 252
124 375
124 397
124 419
124 443
124 670
124 806
124 952
124 999
125 132
125 220
125 323
125 334
125 346
125 435
125 438
125 544
125 733
125 819
125 866
126 175
126 238
126 295
126 323
126 389
126 409
126 504
126 587
127 207
127 276
127 352
127 436
127 465
127 567
127 574
127 590
127 662
127 703
127 848
127 950
128 247
128 269
128 363
128 512
128 692
128 725
128 816
128 957
129 141
129 217
129 345
129 369
129 418
129 441
129 560
129 715
129 802
130 186
130 235
130 262
130 274
130 387
130 411
130 679
130 782
131 175
131 332
131 340
131 603
131 661
131 770
131 772
131 773
131 895
131 948
131 956
132 244
132 368
132 409
132 412
132 512
132 525
132 554
132 555
132 683
132 770
132 952
133 180
133 256
133 349
133 753
134 177
134 183
134 303
134 349
134 451
134 566
134 577
134 649
134 956
135 162
135 275
135 280
135 349
135 370
135 761
135 870
135 964
135 971
136 381
136 439
136 552
136 594
136 673
136 781
136 813
137 175
137 231
137 245
137 272
137 429
137 641
137 642
137 664
137 671
137 674
138 212
138 449
138 489
138 541
138 590
138 651
138 801
138 955
138 979
139 400
139 450
139 485
139 487
139 800
140 273
140 415
140 458
140 530
140 608
140 736
141 191
141 442
141 462
141 518
141 548
141 596
141 600
141 723
141 738
141 759
141 784
141 827
141 841
142 301
142 435
142 675
142 809
142 874
142 933
142 997
143 157
143 569
143 671
143 807
144 184
144 206
144 618
144 623
144 640
144 733
144 796
144 941
145 242
145 246
145 267
145 320
145 353
145 409
145 507
145 534
145 673
145 885
145 935
146 482
146 677
146 819
146 824
146 918
147 182
147 277
147 419
147 471
147 481
147 512
147 663
147 752
147 799
147 942
148 287
148 360
148 369
148 542
148 752
148 763
148 843
148 940
149 237
149 267
149 281
149 306
149 384
149 490
149 542
149 702
149 788
149 850
150 408
150 527
150 570
150 700
150 724
150 754
150 816
150 899
151 169
151 204
151 220
151 234
151 239
151 300
151 347
151 405
151 514
151 580
151 645
151 688
151 731
151 759
151 777
151 877
151 950
151 964
152 198
152 211
152 255
152 495
152 610
152 648
152 716
152 813
152 920
152 962
153 318
153 588
153 754
153 857
153 879
153 897
154 213
154 296
154 453
154 608
154 633
154 645
154 700
154 899
154 929
155 164
155 199
155 209
155 325
155 370
155 427
155 501
155 535
155 564
155 646
155 704
155 754
155 794
155 998
156 161
156 190
156 215
156 261
156 363
156 448
156 617
156 752
156 756
156 757
157 219
157 608
157 774
158 174
158 235
158 255
158 287
158 290
158 311
158 358
158 364
158 388
158 449
158 474
158 490
158 582
158 617
158 654
158 816
158 900
158 921
158 981
159 182
159 413
159 778
159 791
159 815
160 215
160 283
160 294
160 490
160 598
160 656
160 814
160 916
160 918
160 966
161 208
161 263
161 290
161 430
161 502
161 521
161 646
161 755
161 822
161 841
161 900
161 954
162 174
162 246
162 493
162 737
162 790
162 803
162 855
162 866
162 895
163 298
163 368
163 466
163 530
163 531
163 561
163 585
163 676
163 744
163 750
163 777
163 800
163 901
164 245
164 317
164 376
164 447
164 454
164 844
164 874
164 890
165 186
165 216
165 308
165 509
165 957
166 183
166 213
166 246
166 379
166 508
166 560
166 583
166 697
166 741
167 252
167 295
167 310
167 518
167 584
167 656
167 714
167 827
167 869
167 987
167 999
168 182
168 689
168 838
169 436
169 563
169 630
169 633
169 678
169 742
169 855
169 902
170 185
170 247
170 312
170 343
170 362
170 414
170 588
170 623
170 729
170 734
170 744
171 246
171 398
171 599
171 661
171 663
172 311
172 465
172 656
172 725
172 953
172 990
173 271
173 304
173 344
173 421
173 447
173 615
173 811
173 865
173 989
173 997
174 190
174 247
174 330
174 412
174 627
174 628
174 636
174 642
174 742
174 749
174 864
174 977
175 254
175 308
175 374
175 483
175 563
175 579
175 630
175 654
176 714
176 924
176 928
176 967
177 335
177 493
177 544
177 798
177 935
177 962
178 331
178 600
178 680
178 718
178 930
179 358
179 421
179 469
179 517
179 672
179 872
179 992
180 208
180 307
180 371
180 386
180 692
180 796
180 837
181 337
181 346
181 449
181 691
181 764
181 876
182 303
182 427
182 526
182 813
182 958
182 982
183 656
183 671
183 926
184 366
184 375
184 588
184 607
184 624
184 694
184 719
184 723
184 801
184 824
185 272
185 389
185 406
185 623
185 655
185 673
185 981
186 596
186 756
186 796
186 799
186 980
187 285
187 297
187 303
187 363
187 377
187 393
187 550
187 617
187 696
187 857
187 916
187 937
188 193
188 232
188 342
188 377
188 391
188 407
188 619
188 766
188 786
188 850
188 863
189 417
189 428
189 648
189 707
189 920
190 205
190 261
190 307
190 386
190 407
190 464
190 526
190 651
190 690
190 796
190 842
190 987
191 424
191 428
191 459
191 559
191 636
191 665
191 889
192 389
192 408
192 437
192 507
192 679
192 739
193 266
193 308
193 314
193 416
193 637
193 884
193 909
193 955
193 988
194 197
194 226
194 407
194 473
194 642
194 663
194 733
194 934
194 965
195 280
195 396
195 398
195 577
195 701
195 871
195 929
196 310
196 362
196 366
196 393
196 718
196 732
196 917
197 232
197 330
197 345
197 463
197 486
197 652
197 720
197 893
197 901
197 924
198 216
198 325
198 328
198 350
198 408
198 476
198 717
198 772
199 219
199 327
199 384
199 450
199 458
199 470
199 493
199 544
199 593
199 595
199 659
199 714
199 798
199 875
199 901
199 902
199 999
200 327
200 424
200 494
200 541
200 721
200 832
200 905
200 968
200 988
201 367
201 571
201 766
201 782
201 949
201 997
202 240
202 247
202 260
202 414
202 532
202 544
202 598
202 721
202 763
202 783
202 806
202 865
202 994
203 223
203 378
203 543
203 557
203 719
203 753
203 777
203 785
203 845
204 208
204 289
204 351
204 352
204 357
204 396
204 404
204 412
204 463
204 534
204 678
204 766
204 809
205 277
205 303
205 467
205 522
205 526
205 667
205 709
205 948
205 965
206 306
206 405
206 489
206 635
206 647
206 671
206 689
206 702
206 970
207 333
207 421
207 543
207 896
207 939
207 961
208 434
208 938
208 958
208 979
209 512
209 560
209 594
209 706
209 739
209 799
209 885
209 927
210 221
210 336
210 442
210 528
210 727
210 745
210 862
210 983
211 428
211 457
211 506
211 642
211 658
211 790
211 854
212 349
212 366
212 632
212 916
212 967
213 445
213 468
213 469
213 719
213 830
213 905
213 995
214 216
214 217
214 348
214 474
214 535
214 760
214 989
215 374
215 451
215 481
215 508
215 534
215 599
215 662
215 712
215 794
215 920
216 279
216 302
216 454
216 627
216 698
216 724
216 768
216 860
216 934
216 939
217 234
217 318
217 371
217 381
217 712
217 836
218 258
218 451
218 556
218 600
218 707
218 709
218 724
218 919
219 276
219 304
219 321
219 442
219 449
219 508
219 583
219 664
219 811
219 812
219 865
220 329
220 760
220 829
220 916
220 941
221 338
221 499
221 566
221 618
221 765
221 815
222 240
222 249
222 559
222 768
222 829
222 894
223 430
223 432
223 663
223 772
223 977
224 232
224 377
224 407
225 313
225 369
225 395
225 433
225 615
225 800
225 857
225 879
226 227
226 232
226 265
226 292
226 296
226 328
226 397
226 413
226 539
226 566
226 567
226 574
226 607
226 726
227 267
227 290
227 448
227 503
227 510
227 527
227 911
227 936
227 986
227 989
228 759
228 879
228 909
229 236
229 370
229 438
229 484
229 515
229 558
229 606
229 607
229 655
230 303
230 454
230 461
230 473
230 756
230 798
230 866
230 955
230 989
231 474
231 715
231 761
231 791
231 812
231 940
232 359
232 374
232 487
232 514
232 573
232 627
232 788
232 790
232 848
232 971
233 266
233 291
233 467
233 671
233 765
233 831
233 840
234 265
234 360
234 427
234 431
234 445
234 468
234 489
234 635
234 806
234 894
234 936
234 939
234 999
235 282
235 295
235 337
235 728
235 826
235 876
236 418
236 977
236 993
237 277
237 358
237 391
237 608
237 611
237 682
237 688
237 878
237 942
238 252
238 639
238 668
238 944
239 259
239 306
239 452
239 549
239 748
239 847
240 349
240 506
240 548
240 571
240 594
240 597
240 947
241 318
241 361
241 395
241 451
241 546
241 550
241 662
241 933
241 950
241 973
242 262
242 270
242 379
242 396
242 478
242 520
242 521
242 528
242 674
242 705
243 254
243 360
243 385
243 431
243 481
243 486
243 662
243 686
243 993
244 499
244 523
244 545
244 813
245 281
245 302
245 321
245 352
245 420
245 726
245 930
246 271
247 262
247 288
247 424
247 578
247 596
247 600
247 613
247 642
247 677
247 719
247 836
247 845
248 295
248 420
248 450
248 561
248 591
248 653
248 654
248 668
248 824
248 850
248 881
248 936
249 399
249 431
249 514
249 645
249 664
249 759
250 256
250 617
250 766
250 786
250 954
251 394
251 440
251 445
251 688
251 712
251 764
251 949
251 960
252 261
252 356
252 804
252 813
252 937
253 406
253 438
253 543
253 629
253 804
253 845
253 914
254 397
254 559
254 644
254 653
254 719
254 931
254 982
255 410
255 413
255 457
256 283
256 732
257 316
257 331
257 354
257 410
257 465
257 594
257 598
257 646
257 847
257 891
257 950
258 422
258 499
258 525
258 553
258 736
258 756
258 812
259 263
259 398
259 509
259 522
259 568
259 610
259 875
259 945
260 340
260 622
260 865
260 948
260 953
261 490
261 494
261 598
261 652
261 664
261 735
261 827
261 830
261 858
261 883
261 933
261 950
262 360
262 381
262 400
262 748
262 832
262 977
263 394
263 428
263 468
263 622
263 849
263 907
263 973
264 291
264 337
264 435
264 452
264 454
264 537
264 572
264 841
265 294
265 326
265 438
265 744
265 795
266 426
266 475
266 586
266 646
266 786
267 284
267 316
267 588
267 615
267 688
267 814
267 852
268 599
268 693
268 750
268 857
268 949
269 535
269 560
269 632
269 641
269 650
269 866
269 984
270 330
270 798
270 882
271 273
271 419
271 536
271 559
271 873
271 949
272 444
272 463
272 652
272 659
272 784
272 852
272 892
272 985
273 492
273 523
273 671
273 833
273 879
273 918
273 921
273 970
274 320
274 475
274 517
274 524
274 746
274 973
275 333
275 432
275 446
275 447
275 524
275 653
275 719
275 775
276 323
276 391
276 483
276 561
276 605
276 616
276 822
276 857
276 904
277 333
277 683
277 695
278 315
278 392
278 491
278 513
278 559
278 696
278 743
278 768
279 315
279 326
279 773
279 796
279 836
279 954
279 994
280 317
280 633
280 661
280 668
280 756
280 848
280 973
281 375
281 531
281 556
281 582
281 603
281 747
281 767
281 903
282 302
282 569
282 603
282 614
282 635
282 689
282 765
282 861
282 866
283 316
283 505
283 523
283 564
283 618
283 631
283 656
284 299
284 316
284 352
284 410
284 761
284 825
285 469
285 587
285 841
286 434
286 517
286 543
286 553
286 703
287 335
287 417
287 478
287 491
287 638
287 654
287 716
287 771
287 958
288 477
288 536
288 573
288 716
288 735
288 833
288 836
289 298
289 593
289 756
289 786
289 864
290 382
290 450
290 603
290 644
290 931
290 957
290 998
291 299
291 413
291 605
291 635
291 758
291 872
291 915
292 338
292 415
292 486
292 723
292 727
292 828
292 865
292 896
292 940
293 345
293 404
293 633
293 642
293 905
293 954
294 631
294 733
294 774
294 916
294 919
295 453
295 531
295 546
295 580
295 724
295 882
295 902
296 352
296 474
296 482
296 847
296 935
297 333
297 419
297 524
297 554
297 678
297 691
297 820
297 922
297 963
298 387
298 477
298 639
298 663
298 718
298 751
299 587
299 945
299 953
299 995
300 322
300 508
300 624
300 625
300 638
300 740
300 804
300 820
301 337
301 495
301 541
301 606
301 664
301 702
301 816
302 758
302 768
302 804
302 888
302 946
302 952
302 960
302 976
303 338
303 351
303 388
303 410
303 687
303 872
303 954
303 984
304 309
304 356
304 379
304 460
304 592
304 691
304 742
304 873
304 894
304 962
304 976
305 381
305 495
305 679
305 712
306 320
306 353
306 517
306 533
306 537
306 754
307 459
307 514
307 688
307 834
308 435
308 474
308 501
308 545
308 628
308 657
308 750
308 834
308 879
309 740
309 834
309 865
309 915
309 991
310 522
310 587
310 695
310 841
310 986
311 328
311 333
311 354
311 364
311 373
311 480
311 591
311 710
311 904
311 970
311 986
312 335
312 349
312 384
312 387
312 483
312 515
312 680
312 697
312 920
313 372
313 566
313 596
313 603
313 606
313 612
313 687
313 720
313 759
313 913
313 948
314 702
314 734
314 768
314 873
314 882
315 403
315 704
315 790
315 845
316 340
316 394
316 727
316 756
316 789
316 942
316 949
317 474
317 480
317 613
317 688
317 904
317 961
318 428
318 798
318 867
318 904
318 991
319 343
319 360
319 495
319 521
319 533
319 584
319 688
319 772
319 834
319 895
319 960
320 477
320 513
320 588
320 597
320 633
320 677
321 450
321 595
321 848
321 910
322 349
322 376
322 618
322 855
322 970
322 972
323 411
323 597
323 719
323 765
323 922
324 356
324 359
324 489
324 539
324 561
324 598
325 553
325 559
325 643
325 852
325 953
326 503
326 551
326 663
326 741
326 759
326 828
326 936
327 413
327 496
327 513
327 537
327 642
327 653
327 676
327 711
327 747
327 889
327 948
328 410
328 493
328 505
328 538
328 558
328 769
328 830
328 944
329 382
329 807
329 815
329 822
329 855
329 889
330 343
330 361
330 380
330 410
330 538
330 657
330 999
331 346
331 378
331 721
331 737
331 940
331 960
332 340
332 372
333 337
333 338
333 356
333 409
333 445
333 466
333 510
333 611
333 620
333 648
333 718
333 798
333 817
333 964
334 365
334 745
334 778
334 803
334 811
334 855
335 348
335 368
335 573
335 849
335 878
336 357
336 383
336 543
336 715
336 907
337 360
337 670
337 697
337 712
337 900
337 927
337 957
338 445
338 489
338 505
338 513
338 651
338 758
338 796
339 552
339 568
339 615
339 674
339 750
339 793
339 794
339 799
339 918
339 964
340 379
340 452
340 663
340 705
340 874
340 936
340 988
341 425
341 728
341 906
341 954
341 979
341 987
342 405
342 508
342 702
342 750
342 962
343 370
343 544
343 574
343 590
343 604
343 760
343 767
343 793
343 937
343 987
344 360
344 818
344 855
344 954
345 481
345 492
345 548
345 685
345 824
346 466
346 522
346 568
347 403
347 407
347 536
347 682
347 718
347 742
347 811
347 819
347 933
348 423
348 507
348 579
348 735
348 851
349 402
349 444
349 470
349 529
349 542
349 577
349 590
349 690
349 810
349 864
350 362
350 731
350 775
350 781
350 918
351 410
351 442
351 524
351 557
351 586
351 678
351 727
351 749
351 757
351 851
352 372
352 411
352 566
352 790
353 362
353 401
353 427
353 533
353 711
353 721
353 947
354 502
354 741
354 742
354 799
354 882
354 911
354 927
355 404
355 443
355 473
355 524
355 578
356 475
356 516
356 790
357 492
357 495
357 546
357 611
357 630
357 767
357 979
358 444
358 606
358 684
358 738
358 817
358 999
359 513
359 902
360 382
360 397
360 471
360 513
360 534
360 587
360 765
361 385
361 465
361 546
361 812
361 861
362 533
362 570
362 626
362 635
362 746
363 567
363 570
363 627
363 658
364 366
364 417
364 434
364 463
364 895
365 545
365 617
365 775
365 855
365 917
365 935
366 407
366 418
366 659
366 752
366 774
366 930
366 990
367 505
367 508
367 519
367 580
367 605
367 793
367 876
367 895
368 375
368 714
368 792
368 806
368 949
369 555
369 723
369 869
369 914
370 570
370 572
370 730
370 934
370 987
371 493
371 859
371 885
371 903
371 943
372 736
372 777
372 779
372 781
372 907
372 979
372 997
373 655
373 680
373 690
373 782
373 790
373 997
374 444
374 801
374 817
374 820
374 900
375 537
375 619
375 895
375 968
376 645
376 862
376 895
376 950
376 999
377 507
377 634
377 705
377 870
377 873
378 456
378 504
378 508
378 530
378 690
378 710
378 807
378 830
378 861
379 383
379 468
379 483
379 522
379 723
379 771
380 439
380 480
380 501
380 528
380 552
380 716
380 737
380 921
380 945
381 384
381 522
381 795
381 918
382 536
382 664
382 892
382 966
383 447
383 500
383 521
383 565
383 608
383 647
383 653
383 667
383 698
383 710
383 726
383 730
383 913
384 385
384 410
384 446
384 796
384 847
384 973
385 413
385 554
385 589
385 654
385 877
385 881
386 413
386 573
386 610
386 672
386 884
387 644
388 489
388 812
389 621
389 789
389 876
389 894
389 994
390 715
390 722
390 776
390 954
390 984
391 445
391 450
391 821
391 878
391 911
391 993
392 450
392 466
392 805
392 965
393 657
393 818
393 943
393 969
393 983
394 429
394 502
394 600
394 782
394 838
394 845
394 864
394 903
394 908
394 996
395 537
395 709
395 793
395 819
395 835
395 936
396 566
396 600
396 749
396 830
396 952
397 452
397 704
397 820
397 874
397 970
398 495
398 540
398 712
398 830
398 860
398 861
398 996
399 583
399 677
399 807
399 904
399 933
399 941
400 490
400 491
400 503
400 522
400 530
400 545
400 698
400 784
400 868
400 870
401 416
401 423
401 755
401 870
401 998
402 530
402 588
402 598
402 752
402 816
402 959
403 556
403 610
403 682
403 811
403 878
404 530
404 605
404 630
404 758
404 895
404 999
405 458
405 831
406 586
406 685
406 961
407 484
407 587
407 614
407 676
407 878
407 937
407 993
408 487
408 652
408 684
408 711
408 810
409 509
409 512
409 514
409 575
409 601
409 672
409 828
409 852
409 889
409 898
409 908
409 920
409 948
409 992
410 503
410 516
410 531
410 718
410 919
410 949
410 956
411 496
411 521
411 551
411 590
411 663
411 664
411 759
412 633
412 676
412 815
412 907
413 819
414 601
414 605
414 678
414 760
414 802
414 890
415 456
415 460
415 540
415 582
415 621
415 657
415 676
415 882
415 940
415 967
416 654
416 710
416 778
416 868
417 689
417 799
417 831
417 963
418 565
418 870
418 890
419 425
419 426
419 439
419 584
419 609
419 678
419 696
419 913
419 922
420 437
420 621
420 623
420 701
421 434
421 690
421 699
421 758
421 812
421 898
421 941
422 433
422 643
422 662
422 666
422 787
422 805
422 929
423 449
423 453
423 673
423 751
423 798
423 837
423 958
424 447
424 559
424 799
424 815
424 845
424 870
424 913
424 952
424 981
425 774
425 892
425 926
426 455
426 462
426 516
426 896
427 533
427 584
427 852
427 923
428 685
428 776
428 790
428 815
428 842
428 956
428 991
429 546
429 650
429 805
429 880
429 922
429 997
430 545
430 667
430 737
430 822
430 884
431 435
431 511
431 515
431 576
431 612
431 723
431 804
431 997
432 477
432 493
432 618
432 620
432 634
432 699
432 819
432 887
432 913
433 553
433 594
433 651
433 906
433 971
434 504
434 510
434 781
434 785
434 803
434 850
434 860
435 581
435 644
435 692
435 912
436 464
436 489
436 519
436 901
436 913
436 983
437 710
437 828
437 846
437 868
437 892
438 531
438 555
438 601
438 649
438 695
438 754
438 838
439 471
439 475
439 549
439 604
439 723
439 874
439 942
439 980
440 458
440 472
440 499
440 508
440 518
440 654
440 705
440 905
440 950
440 997
441 666
441 803
441 839
441 842
441 940
442 685
442 690
442 703
442 730
442 835
442 969
442 983
443 571
443 598
443 742
443 779
443 927
444 525
444 668
444 885
444 888
444 929
444 965
445 758
445 776
446 518
446 559
446 607
446 801
446 881
446 907
447 486
447 501
447 600
447 603
447 711
447 854
448 561
448 590
448 594
448 645
448 708
448 859
448 975
449 593
449 625
449 629
449 731
449 765
449 784
449 814
450 508
450 615
450 648
450 694
450 795
450 812
450 831
450 870
451 485
451 643
451 776
451 790
452 588
452 639
452 666
452 705
453 490
453 634
453 763
453 806
453 862
453 950
454 545
454 568
454 710
454 730
454 845
454 965
455 553
455 708
455 889
455 936
455 993
456 472
456 514
456 557
456 724
456 745
456 803
456 847
456 877
456 969
457 660
457 760
457 769
457 896
457 904
457 922
458 606
458 650
458 662
458 904
458 914
458 932
459 464
459 529
459 591
460 464
460 625
460 742
460 901
460 926
460 951
461 555
461 612
461 747
461 769
461 872
462 554
462 661
462 759
462 762
462 838
462 968
463 508
463 591
463 716
463 733
463 756
463 760
463 879
463 900
464 536
464 671
464 777
464 788
464 811
464 911
465 488
465 905
465 967
466 627
466 892
467 522
467 589
467 721
467 763
468 664
468 793
468 878
469 487
469 508
469 575
469 603
469 618
469 686
469 926
469 942
470 499
470 575
470 626
470 703
470 847
470 856
470 865
470 927
470 933
471 614
471 704
471 754
471 758
471 762
471 997
472 602
472 787
472 898
473 511
473 585
473 590
473 626
473 697
473 809
473 915
474 511
474 589
474 627
474 660
474 681
474 765
474 971
475 583
476 610
476 678
476 689
476 754
476 800
476 879
477 504
477 585
477 588
477 609
477 668
477 746
477 901
477 972
478 504
478 570
478 724
478 780
478 834
478 946
478 979
479 515
479 546
479 955
480 672
480 816
480 972
480 981
481 993
482 632
482 686
482 904
483 552
483 662
483 682
483 835
483 873
484 520
484 619
484 708
484 745
484 777
484 778
484 780
484 954
485 632
485 722
485 890
485 907
486 542
486 555
486 615
486 760
486 823
486 880
486 904
487 492
487 573
487 577
487 580
487 682
487 733
487 839
487 904
487 955
487 984
488 500
488 544
488 699
488 736
488 752
488 940
489 492
489 496
489 770
489 853
490 536
490 613
490 856
490 927
491 632
491 659
491 808
491 964
492 505
492 513
492 516
492 735
492 785
492 910
493 526
493 538
493 557
494 532
494 554
494 656
494 717
494 720
494 733
494 920
494 925
495 527
495 555
495 621
495 645
495 684
495 773
495 926
496 627
496 628
496 633
496 890
496 900
496 910
496 947
497 575
497 611
497 766
497 796
497 822
497 890
499 666
499 805
500 545
500 739
500 854
500 855
501 529
501 550
501 987
502 546
502 568
502 621
502 698
502 730
502 963
503 550
503 585
503 719
503 833
503 855
503 951
504 772
505 652
505 834
505 947
505 998
506 542
506 572
506 603
506 658
506 682
506 684
506 795
506 916
507 542
507 565
507 586
508 643
508 865
508 991
509 601
509 612
509 675
509 823
509 828
509 875
510 647
510 716
510 765
511 663
511 934
512 551
512 575
512 633
512 646
512 868
512 879
512 888
513 530
513 675
513 684
513 707
513 811
513 885
513 947
513 987
514 584
514 657
514 675
514 690
514 773
514 843
515 816
516 706
516 974
517 537
517 709
517 824
517 878
517 905
518 542
518 690
518 805
518 863
518 898
518 967
518 979
518 995
519 560
519 593
519 758
519 929
520 623
520 673
520 726
520 882
521 688
521 712
521 739
521 783
522 716
522 800
522 818
522 825
522 905
522 967
522 988
523 594
523 661
523 745
523 761
523 952
524 687
524 854
525 553
525 631
525 712
526 540
526 541
526 773
526 851
526 940
526 964
527 530
527 628
528 634
528 692
528 971
529 545
529 567
529 599
529 658
529 716
529 809
530 611
530 617
530 716
530 718
530 837
530 983
531 641
531 775
531 831
532 563
532 905
532 934
533 550
533 617
533 683
533 871
533 989
534 614
534 722
534 913
535 596
535 653
535 660
535 699
535 998
536 647
536 723
536 907
536 916
536 989
537 538
537 664
537 798
537 972
538 565
538 615
538 685
538 691
538 906
538 923
538 945
538 995
539 595
539 625
539 668
539 700
539 946
540 710
540 826
540 948
541 821
541 822
541 860
542 561
542 644
542 776
542 982
542 992
543 554
543 558
543 641
543 683
543 759
543 888
543 916
544 740
545 983
546 556
546 647
546 689
546 709
546 790
546 969
546 983
547 640
547 654
547 746
547 879
548 605
548 666
548 794
548 839
548 845
548 948
548 993
549 725
549 753
549 867
549 907
550 663
550 925
550 960
551 692
551 722
551 795
551 853
552 689
552 913
553 610
553 730
553 839
553 898
554 583
554 659
554 669
554 753
554 801
554 829
554 846
554 869
555 612
555 721
555 918
555 977
556 678
556 779
556 932
556 946
556 967
557 605
557 611
557 676
557 978
557 989
558 582
558 999
559 561
559 669
559 703
559 711
559 738
559 747
559 781
559 838
559 924
559 949
559 965
560 788
561 674
561 764
561 805
561 865
561 885
562 611
562 633
562 673
562 800
562 811
562 846
562 958
562 981
563 623
563 635
563 713
563 906
564 728
564 747
565 682
565 757
565 871
566 726
566 739
566 777
566 820
566 886
567 662
567 705
567 715
568 606
568 654
568 882
569 661
569 686
569 748
569 792
569 986
570 608
570 819
570 858
571 709
571 782
572 576
572 933
573 631
573 694
573 785
573 831
573 835
573 855
573 868
574 798
575 695
576 815
576 907
576 970
577 608
577 717
577 813
577 936
578 711
578 716
578 758
578 975
579 709
580 598
580 614
580 662
580 721
580 800
580 857
580 932
581 691
581 784
581 808
581 990
581 991
582 662
582 800
582 850
582 928
583 796
583 832
583 845
583 883
584 639
584 704
584 748
584 844
584 873
585 639
585 750
586 648
586 667
586 812
586 845
586 848
586 849
586 876
586 979
587 615
587 633
587 666
587 689
587 981
587 999
588 731
588 859
588 967
589 601
589 851
589 902
589 934
590 615
590 766
590 942
591 697
591 726
591 885
591 951
592 635
592 840
592 943
593 676
593 771
593 881
594 616
594 680
594 691
594 919
594 939
595 638
595 684
595 893
595 963
595 982
596 625
596 661
596 702
596 910
597 621
597 713
597 765
598 870
599 763
599 850
600 607
600 776
601 672
601 824
602 679
602 723
602 806
602 809
602 860
602 903
602 998
603 781
603 876
603 896
603 912
604 816
604 823
604 858
604 866
605 736
605 833
605 868
605 921
606 638
606 664
606 791
606 806
606 852
606 861
606 874
607 608
607 686
607 707
607 757
607 814
607 969
608 691
608 820
608 911
608 964
609 653
609 694
609 731
609 884
610 766
610 945
611 613
611 648
611 690
611 738
611 961
612 774
612 965
612 982
613 620
613 675
613 743
613 865
613 972
614 641
614 786
614 788
614 803
614 838
614 915
614 917
615 661
615 665
615 697
615 831
617 628
618 641
618 678
618 753
618 823
618 976
618 992
619 784
619 813
619 988
620 771
621 723
621 791
621 968
622 761
622 820
623 687
623 833
624 666
624 813
624 908
624 934
625 696
625 856
626 689
626 709
626 727
626 796
626 802
626 861
626 902
626 961
627 638
627 671
627 807
627 809
627 935
627 971
628 650
628 779
628 790
628 832
628 852
628 910
629 688
629 806
629 825
629 907
629 921
630 632
630 759
630 805
630 840
631 645
631 674
631 846
631 877
631 898
632 670
632 928
632 932
632 936
633 670
633 852
633 934
634 675
634 688
634 789
634 798
635 872
635 910
636 994
637 642
637 648
637 674
638 768
638 776
638 877
639 895
639 921
640 738
640 764
640 823
640 973
641 808
641 861
641 886
641 965
642 670
642 681
643 772
643 828
643 910
643 987
643 998
644 735
644 871
645 929
645 943
645 949
646 786
646 787
646 803
646 971
646 978
647 697
647 726
647 748
648 695
648 730
648 778
648 838
648 871
649 711
649 775
649 795
649 889
649 909
649 956
650 885
651 652
651 666
651 733
651 735
651 771
652 689
652 699
652 786
652 830
653 662
653 774
653 793
654 799
654 921
654 956
655 670
655 702
655 709
656 902
657 661
657 713
657 733
657 776
657 897
657 900
658 768
658 908
659 791
659 911
659 954
660 673
660 727
660 810
660 840
660 972
661 671
661 729
661 826
661 908
662 688
662 702
662 736
663 721
663 856
663 928
664 679
664 759
665 972
666 675
666 681
666 848
666 924
666 942
666 960
667 674
667 723
667 859
667 898
667 972
668 746
668 868
668 908
669 677
669 709
669 744
669 800
669 880
669 908
670 727
670 844
670 912
671 796
671 819
671 832
671 922
671 929
672 756
672 774
672 801
672 874
672 912
672 973
673 679
673 680
673 901
674 699
674 715
674 963
675 719
675 776
675 990
676 680
676 940
677 926
678 890
678 937
679 753
679 787
679 802
679 996
680 835
680 862
680 999
681 890
681 936
681 987
682 755
683 712
683 719
683 740
683 799
683 915
683 949
684 710
684 744
684 752
684 824
684 827
684 945
685 811
685 901
686 760
686 762
686 874
687 696
687 842
687 851
687 896
687 985
687 992
688 694
688 834
688 841
688 905
688 908
688 928
689 723
689 744
689 851
689 871
689 930
689 939
690 711
690 779
690 869
690 941
690 959
690 963
691 727
691 818
691 881
691 896
692 896
692 907
692 936
693 738
693 763
693 925
693 998
694 787
694 947
694 964
695 807
696 837
696 859
697 790
697 880
697 938
697 973
699 705
699 766
699 789
699 805
699 931
699 971
700 833
700 916
701 767
701 974
702 712
702 807
702 944
702 998
703 945
705 710
705 887
705 891
705 933
705 975
706 751
706 792
707 709
707 822
707 975
708 895
708 916
709 722
710 724
710 736
710 813
710 891
711 799
711 926
711 949
712 789
712 900
713 900
714 817
714 825
714 924
714 982
715 786
715 847
715 919
716 739
716 829
716 898
717 753
717 799
717 826
717 830
717 866
717 927
718 745
718 854
719 765
719 843
719 874
719 957
719 960
719 963
720 960
721 745
721 911
721 949
721 966
722 859
722 988
723 736
723 776
723 911
724 751
724 812
724 906
724 991
725 860
726 826
726 828
726 843
727 761
727 924
728 870
728 875
728 899
730 834
731 792
731 802
731 989
731 998
732 944
733 820
733 825
733 927
734 973
735 797
735 834
735 854
736 893
737 904
737 992
738 750
738 867
740 796
740 843
740 849
740 944
741 985
742 754
742 810
743 874
743 905
743 922
744 841
744 892
744 990
745 762
745 802
745 915
745 953
746 750
746 848
746 872
746 914
746 916
747 816
747 918
747 964
747 978
747 990
748 765
748 994
749 752
749 841
750 779
750 858
751 791
751 827
751 845
751 847
751 855
751 987
752 772
752 792
752 819
752 822
752 871
752 921
752 985
753 794
753 850
753 869
753 973
754 845
754 888
754 972
756 846
756 911
757 845
757 984
758 808
758 851
759 960
761 817
761 855
763 868
763 952
764 893
765 784
765 954
766 882
767 780
767 978
767 982
768 836
769 953
769 959
769 991
770 802
770 911
771 841
771 889
772 942
772 953
772 971
773 774
773 812
774 795
774 807
774 828
774 869
774 922
775 994
776 832
776 914
776 946
777 928
778 939
778 966
778 998
779 913
780 875
781 791
781 810
781 815
781 835
781 992
782 789
782 897
782 984
783 981
784 941
784 942
785 813
785 903
785 904
785 956
786 832
786 899
787 923
787 985
788 820
790 798
790 880
791 958
792 907
792 973
794 867
794 915
794 942
795 984
795 988
796 810
797 801
798 817
799 905
800 855
800 872
800 928
800 962
801 815
801 849
802 825
802 896
802 980
803 891
803 935
803 970
804 818
804 953
804 984
805 817
805 840
805 922
805 987
807 859
807 970
807 992
808 865
808 874
810 845
811 884
811 907
812 914
812 967
813 854
814 843
814 951
814 952
817 853
818 983
818 988
820 929
820 940
821 846
821 901
822 916
823 931
826 856
826 960
826 991
827 866
828 927
832 882
832 943
832 975
833 875
833 884
833 960
833 980
834 885
834 951
834 979
835 875
835 960
836 854
836 900
836 936
837 921
839 925
839 970
840 842
840 846
841 889
841 891
843 934
843 938
844 882
844 949
844 955
844 965
845 880
845 911
845 949
846 891
847 852
847 859
847 997
848 858
848 864
848 894
849 853
849 974
851 926
851 997
852 887
852 961
853 978
854 880
854 931
857 901
859 928
859 990
860 887
860 920
860 967
862 878
862 966
863 924
863 967
863 991
864 880
864 993
864 997
865 902
865 904
865 966
866 916
866 995
868 932
868 981
869 871
869 965
869 969
869 991
869 994
870 928
870 982
871 975
872 928
873 891
874 916
876 878
876 943
877 940
878 916
880 882
880 899
880 923
880 948
880 975
884 895
887 963
889 897
889 924
889 961
890 990
890 992
891 939
892 979
893 989
895 971
895 995
897 974
897 983
898 966
900 905
900 978
901 974
902 947
902 948
902 949
904 929
904 942
905 976
906 934
906 983
907 983
908 941
910 975
915 967
918 932
919 935
920 929
921 969
922 932
922 968
923 940
925 964
928 973
935 954
937 962
938 988
941 949
943 971
946 955
948 974
950 989
957 973
959 972
962 993
969 983
971 982
977 996
986 989
