0 164
0 174
0 265
0 286
0 292
0 329
0 456
0 540
0 560
0 569
0 584
0 629
0 818
0 910
1 227
1 266
1 289
1 327
1 355
1 458
1 460
1 778
1 890
2 23
2 26
2 32
2 132
2 322
2 351
2 467
2 502
2 558
2 563
2 565
2 598
2 636
2 907
3 205
3 231
3 485
3 595
3 628
3 719
3 978
4 92
4 112
4 166
4 330
4 383
4 445
4 493
4 588
4 593
4 649
4 808
5 134
5 193
5 268
5 288
5 402
5 430
5 585
5 592
5 677
5 856
5 931
6 61
6 66
6 67
6 92
6 225
6 370
6 380
6 478
6 504
6 566
6 610
6 620
6 881
6 885
6 984
7 48
7 141
7 179
7 221
7 255
7 347
7 811
7 824
7 846
7 933
7 945
7 951
8 39
8 164
8 219
8 288
8 324
8 402
8 449
8 651
8 676
8 716
8 765
8 991
9 11
9 85
9 116
9 181
9 333
9 446
9 508
9 811
9 887
9 917
9 936
9 938
9 948
10 159
10 294
10 442
10 445
10 481
10 482
10 504
10 806
11 186
11 282
11 393
11 516
11 595
11 813
12 130
12 228
12 415
12 424
12 583
12 612
12 613
12 716
12 818
12 830
12 835
13 96
13 243
13 350
13 351
13 378
13 462
13 492
13 557
13 707
14 66
14 161
14 205
14 222
14 261
14 263
14 398
14 443
14 557
14 690
15 144
15 194
15 319
15 363
15 446
15 556
15 734
15 765
15 778
15 812
15 854
15 983
16 79
16 188
16 240
16 278
16 346
16 655
16 805
17 128
17 144
17 200
17 253
17 348
17 389
17 588
17 646
17 780
18 57
18 156
18 206
18 330
18 364
18 440
18 474
18 579
18 588
18 617
18 627
18 645
18 719
18 865
18 916
18 931
19 188
19 434
19 539
19 700
19 889
19 893
20 198
20 401
20 413
20 605
20 714
20 740
20 757
20 804
20 962
21 31
21 340
21 497
21 536
21 579
21 747
21 823
21 979
22 199
22 207
22 283
22 725
22 946
23 69
23 107
23 130
23 153
23 176
23 219
23 284
23 520
23 541
23 565
23 728
23 792
23 907
23 915
23 975
24 51
24 135
24 188
24 189
24 262
24 301
24 376
24 436
24 526
24 617
24 810
25 107
25 315
25 517
25 718
25 807
26 154
26 310
26 311
26 469
26 483
26 546
26 611
26 758
26 864
26 921
26 988
27 116
27 136
27 198
27 213
27 567
27 597
27 605
27 628
27 638
27 684
27 832
27 881
27 966
28 564
28 574
28 650
28 731
28 772
28 832
29 88
29 202
29 397
29 562
29 776
29 777
29 782
29 783
29 846
29 882
29 912
30 117
30 139
30 152
30 311
30 331
30 333
30 377
30 414
30 428
30 447
30 485
30 527
30 539
30 552
30 655
30 663
30 773
30 777
31 379
31 411
31 454
31 905
32 42
32 61
32 79
32 85
32 103
32 187
32 233
32 234
32 235
32 296
32 550
32 800
32 822
32 829
33 69
33 73
33 248
33 297
33 377
33 420
33 441
33 572
33 654
33 693
33 707
33 858
33 879
33 956
33 975
33 981
34 84
34 489
34 697
34 706
34 809
34 916
34 970
35 547
35 577
35 719
35 727
35 929
36 85
36 425
36 490
36 548
36 565
36 660
36 670
36 695
36 719
36 745
36 867
37 696
37 699
37 886
38 123
38 140
38 361
38 444
38 530
38 536
38 566
38 612
38 693
38 716
38 884
38 900
38 933
38 936
38 995
39 63
39 98
39 272
39 452
39 515
39 629
39 945
40 224
40 270
40 375
40 440
40 950
40 987
41 127
41 275
41 349
41 499
41 750
41 798
42 232
42 255
42 488
42 514
42 725
42 770
42 796
42 955
42 961
43 191
43 327
43 341
43 498
43 535
43 556
43 612
43 624
43 731
43 824
43 853
43 933
44 79
44 118
44 243
44 471
44 671
44 702
44 762
44 798
45 113
45 157
45 467
45 517
45 551
45 621
45 662
45 726
45 847
46 114
46 237
46 548
46 587
46 656
46 780
46 855
46 892
46 993
47 59
47 92
47 446
47 580
47 591
48 163
48 216
48 360
48 477
48 530
48 565
48 603
48 631
48 644
48 870
49 90
49 112
49 134
49 219
49 319
49 386
49 413
49 554
49 574
49 646
49 818
49 829
49 917
49 939
50 57
50 403
50 431
50 499
50 566
50 616
50 623
50 624
50 770
50 891
50 976
51 142
51 495
51 528
51 677
51 680
51 782
51 822
51 833
52 143
52 213
52 253
52 385
52 475
52 490
52 548
52 569
52 584
52 838
52 931
52 947
52 987
53 219
53 247
53 251
53 262
53 378
53 549
53 569
53 628
53 784
53 996
54 65
54 277
54 323
54 336
54 339
54 657
54 739
54 782
54 914
55 135
55 210
55 319
55 372
55 423
55 467
55 482
55 534
55 569
55 793
56 64
56 117
56 425
56 772
56 835
56 891
56 964
56 971
56 993
57 109
57 188
57 305
57 327
57 394
57 418
57 583
57 590
57 751
57 887
57 936
57 974
58 99
58 171
58 383
58 755
58 884
58 933
59 134
59 159
59 292
59 621
59 623
59 727
59 767
59 775
59 995
60 160
60 185
60 408
60 652
60 732
60 809
60 913
60 959
60 997
61 176
61 697
61 760
61 833
61 876
61 926
62 94
62 97
62 646
62 800
62 878
62 960
62 981
63 114
63 229
63 386
63 414
63 472
63 616
63 661
63 696
63 842
64 208
64 338
64 577
64 628
64 745
64 758
64 834
64 880
64 943
65 206
65 225
65 262
65 337
65 351
65 690
65 914
65 942
66 288
66 328
66 330
66 354
66 434
66 436
66 577
66 662
66 797
66 894
67 213
67 407
67 411
67 577
67 741
67 883
67 920
68 92
68 122
68 200
68 399
68 439
68 495
68 678
68 745
68 818
69 78
69 173
69 187
69 218
69 399
69 533
69 570
69 746
70 184
70 468
70 475
70 523
70 592
70 610
70 621
70 705
70 738
70 792
70 876
70 949
70 985
71 76
71 382
71 428
71 434
71 563
71 643
71 810
72 118
72 177
72 202
72 252
72 389
72 438
72 468
72 561
72 690
72 803
72 811
72 879
73 367
73 394
73 470
73 518
73 596
73 708
73 723
73 731
73 740
73 838
73 875
73 930
73 955
73 982
73 993
74 137
74 276
74 478
74 738
74 765
75 92
75 152
75 174
75 290
75 352
75 364
75 402
75 462
75 481
75 486
75 558
75 778
75 862
75 874
75 898
76 158
76 179
76 228
76 289
76 335
76 367
76 395
76 400
76 430
76 536
76 639
76 665
76 693
76 760
77 156
77 609
77 614
77 670
77 702
77 759
77 780
78 236
78 304
78 408
78 602
78 897
78 924
79 96
79 156
79 205
79 283
79 284
79 373
79 571
79 621
79 635
79 789
79 900
79 948
79 955
79 973
80 194
80 286
80 354
80 430
80 591
80 844
80 848
80 849
80 853
80 873
80 901
81 254
81 257
81 440
81 494
81 577
81 898
82 141
82 167
82 210
82 265
82 396
82 400
82 423
82 445
82 477
82 723
82 797
82 834
82 916
82 944
82 984
83 137
83 161
83 179
83 326
83 401
83 559
83 595
83 603
83 729
83 753
83 849
84 134
84 217
84 318
84 357
84 392
84 580
84 690
84 726
84 853
85 99
85 157
85 312
85 533
85 574
85 881
85 905
85 917
86 108
86 343
86 403
86 416
86 426
86 452
86 583
86 658
86 664
86 848
87 132
87 136
87 369
87 522
87 558
87 645
87 677
87 755
87 813
87 978
87 981
87 996
88 204
88 207
88 263
88 345
88 504
88 535
88 553
88 690
89 374
89 594
89 668
89 732
89 780
89 925
89 975
90 510
90 538
90 661
90 710
90 854
90 862
91 227
91 517
91 518
91 581
91 722
91 797
92 225
92 272
92 382
92 652
92 931
93 224
93 399
93 528
93 535
93 696
93 732
93 736
93 756
93 930
93 992
94 162
94 382
94 426
94 496
94 588
94 641
94 708
94 721
94 770
94 829
94 830
94 832
94 871
94 958
95 116
95 367
95 440
95 556
95 596
95 607
95 627
95 776
95 838
95 925
95 967
96 152
96 314
96 365
96 389
96 410
96 463
96 611
96 850
96 858
96 939
97 129
97 151
97 158
97 556
97 871
97 985
98 171
98 209
98 267
98 363
98 473
98 504
98 729
98 777
98 799
98 978
98 982
98 997
98 999
99 143
99 164
99 190
99 234
99 283
99 517
99 821
99 879
100 193
100 331
100 591
100 802
101 165
101 203
101 409
101 425
101 562
101 689
101 914
102 306
102 386
102 406
102 454
102 477
102 558
102 621
102 679
103 215
103 275
103 347
103 384
103 414
103 636
103 717
103 905
104 159
104 186
104 246
104 251
104 326
104 923
104 969
104 972
105 142
105 383
105 585
105 621
105 961
105 991
105 992
106 138
106 156
106 195
106 216
106 368
106 379
106 436
106 447
106 695
107 231
107 261
107 430
107 441
107 726
107 774
107 992
108 300
108 546
108 718
108 883
108 978
108 996
109 134
109 363
109 421
109 768
109 780
109 799
110 112
110 133
110 198
110 234
110 336
110 467
110 523
110 566
110 585
110 746
110 831
110 924
111 169
111 201
111 210
111 360
111 375
111 388
111 426
111 453
111 491
111 519
111 705
111 788
111 877
111 945
111 977
112 215
112 282
112 357
112 417
112 644
112 677
112 734
112 876
113 178
113 306
113 514
113 564
113 603
113 630
113 749
113 785
113 841
113 891
113 931
113 989
114 489
114 682
115 335
115 404
115 520
115 734
115 756
115 797
115 937
116 175
116 189
116 243
116 520
116 560
116 667
116 795
116 836
116 919
116 958
117 262
117 361
117 376
117 607
117 804
117 937
118 156
118 327
118 478
118 506
118 730
118 767
118 884
119 268
119 294
119 457
119 601
119 751
119 916
120 467
120 606
120 673
120 999
121 183
121 223
121 224
121 271
121 296
121 392
121 608
122 230
122 361
122 421
122 438
122 485
122 486
122 524
122 652
122 684
122 738
122 775
122 850
122 872
122 891
122 904
123 402
123 503
123 696
123 704
123 709
123 729
123 837
124 134
124 454
124 471
124 565
124 604
124 862
125 254
125 413
125 525
125 792
125 910
125 926
126 344
126 397
126 398
126 437
126 771
126 841
126 855
126 885
126 977
127 212
127 327
127 383
127 388
127 448
127 668
128 211
128 333
128 394
128 746
128 770
128 891
128 895
128 908
128 937
129 175
129 310
129 324
129 332
129 366
129 368
129 404
129 619
130 205
130 309
130 327
130 350
130 656
130 738
130 839
130 888
130 976
131 339
131 362
131 391
131 404
131 460
131 955
132 238
132 342
132 349
132 415
132 523
132 546
132 561
132 572
132 862
132 901
132 945
133 184
133 212
133 261
133 286
133 323
133 529
133 591
134 138
134 161
134 518
134 538
134 585
134 655
134 724
134 799
134 846
134 920
135 147
135 372
135 461
135 550
135 606
135 685
135 771
135 824
136 221
136 454
136 571
136 811
136 852
137 337
137 411
137 419
137 432
137 442
137 528
137 602
137 623
137 681
137 719
137 753
137 817
137 898
137 988
138 170
138 249
138 409
138 567
138 591
138 698
138 769
138 794
138 932
139 143
139 419
139 438
139 614
139 710
139 728
140 161
140 225
140 509
140 616
140 788
140 807
141 163
141 180
141 200
141 379
141 485
141 518
141 519
141 575
141 602
141 637
141 712
141 740
142 295
142 590
142 979
143 274
143 436
143 467
143 469
143 728
143 930
143 978
144 226
144 297
144 334
144 408
144 419
144 532
144 698
144 830
144 891
144 991
144 995
145 361
145 477
145 531
145 554
145 614
145 879
145 997
146 148
146 162
146 298
146 311
146 655
146 837
146 894
147 249
147 256
147 362
147 449
147 464
147 490
147 505
147 581
147 766
147 810
148 166
148 185
148 676
148 713
148 728
148 812
148 887
149 363
149 464
149 519
149 604
149 622
149 637
149 788
149 992
150 222
150 249
150 279
150 291
150 552
150 574
150 766
150 779
150 892
150 930
150 958
151 282
151 298
151 331
151 350
151 543
151 702
151 786
152 198
152 409
152 549
152 632
153 629
153 633
153 665
153 817
153 822
153 872
153 983
154 374
154 500
154 561
154 598
154 640
154 666
154 715
154 736
154 756
154 791
154 885
155 410
155 478
155 590
155 707
155 868
155 922
156 330
156 413
156 588
156 630
156 723
156 732
156 854
156 880
156 923
157 236
157 323
157 350
157 500
157 518
157 600
157 737
157 751
157 777
158 201
158 269
158 285
158 314
158 349
158 352
158 524
158 555
158 786
158 885
158 971
158 992
159 176
159 195
159 302
159 311
159 422
159 660
159 729
159 812
159 828
159 938
159 990
160 252
160 312
160 337
160 349
160 444
160 559
160 989
161 167
161 182
161 257
161 321
161 374
161 387
161 738
161 907
161 969
162 207
162 253
162 305
162 435
162 570
162 928
162 978
163 241
163 395
163 439
163 506
163 580
163 614
163 674
163 706
163 734
163 829
163 875
164 189
164 342
164 531
164 673
164 687
164 895
165 197
165 209
165 335
165 418
165 624
165 667
165 688
165 780
165 831
165 904
166 173
166 234
166 270
166 377
166 492
166 543
166 552
166 611
166 730
166 875
166 920
166 968
167 170
167 251
167 298
167 645
167 658
167 677
167 787
167 868
168 288
168 351
168 633
168 651
168 664
168 842
168 850
168 872
168 979
169 177
169 282
169 293
169 330
169 341
169 423
169 486
169 496
169 587
169 657
169 745
169 771
169 834
170 227
170 283
170 343
170 641
170 728
170 766
170 847
170 876
170 878
170 968
171 192
171 401
171 451
171 780
171 785
171 867
172 289
172 304
172 328
172 335
172 346
172 363
172 387
172 403
172 448
172 458
172 504
172 574
172 635
172 730
172 776
172 823
172 953
173 241
173 339
173 340
173 677
173 708
173 943
173 946
174 191
174 315
174 597
174 683
174 817
174 852
174 897
174 956
175 195
175 289
175 315
175 358
175 423
175 488
175 499
175 501
175 654
175 682
175 833
175 875
176 225
176 281
176 303
176 524
176 640
176 654
176 838
177 403
177 405
177 455
177 514
177 572
177 851
178 298
178 344
178 483
178 551
178 572
178 626
178 698
178 804
178 920
178 944
179 366
179 415
179 651
179 660
179 829
179 872
179 907
179 968
180 213
180 317
180 411
180 455
180 509
180 560
180 597
180 654
180 768
180 843
180 942
180 952
180 960
181 281
181 387
181 533
181 544
181 727
181 935
182 185
182 193
182 219
182 339
182 407
182 424
182 450
182 481
182 483
182 541
182 543
182 551
182 578
182 779
182 941
182 982
183 307
183 348
183 371
183 404
183 485
183 532
183 541
183 601
183 674
183 791
183 852
183 868
183 961
184 269
184 282
184 382
184 386
184 451
184 462
184 707
184 714
184 739
184 810
184 869
184 948
185 586
185 612
185 638
185 717
185 811
185 848
185 880
185 925
185 984
186 281
186 296
186 512
186 543
186 587
186 625
187 188
187 224
187 314
187 461
187 609
187 706
187 735
187 819
187 948
188 207
188 229
188 294
188 431
188 559
188 963
189 254
189 298
189 444
189 526
189 596
189 684
189 795
189 850
189 859
189 917
189 933
189 981
190 224
190 252
190 299
190 361
190 477
190 650
190 945
191 218
191 279
191 659
191 811
191 925
192 204
192 244
192 297
192 388
192 492
192 556
192 733
192 790
192 995
193 287
193 289
193 361
193 403
193 525
193 630
193 745
193 752
193 776
193 817
193 848
193 861
193 968
194 602
194 620
194 704
194 817
194 824
194 899
194 939
195 261
195 367
195 434
195 616
195 690
195 766
195 800
195 861
196 315
196 330
196 411
196 459
196 563
196 573
196 688
196 854
197 261
197 373
197 643
197 682
197 782
197 965
197 981
198 469
198 618
198 865
198 981
199 350
199 369
199 372
199 374
199 481
199 770
199 798
199 833
199 852
199 930
200 292
200 325
200 384
200 436
200 440
200 512
200 536
200 673
200 819
200 884
200 918
201 280
201 315
201 317
201 365
201 615
201 639
201 656
201 690
202 421
202 423
202 484
202 540
202 682
202 772
203 445
203 531
203 814
204 377
204 420
204 501
204 608
204 779
204 962
205 404
205 431
205 466
205 476
205 542
205 617
205 632
205 661
205 687
205 725
205 801
205 918
206 214
206 216
206 383
206 422
206 545
206 794
206 854
207 299
207 325
207 511
207 519
207 526
207 614
207 651
207 759
207 813
207 878
207 885
207 955
207 975
208 258
208 370
208 381
208 430
208 505
208 888
208 905
208 938
209 213
209 301
209 348
209 406
209 442
209 536
209 670
209 773
209 833
209 994
210 328
210 602
210 691
210 698
210 765
210 798
210 887
211 216
211 428
211 430
211 657
211 909
211 939
212 266
212 275
212 276
212 299
212 524
212 567
212 727
212 898
213 258
213 354
213 370
213 500
213 501
213 595
213 656
213 788
213 842
213 896
214 304
214 506
214 530
214 604
214 738
214 770
214 937
215 240
215 287
215 513
215 835
215 852
215 950
215 958
216 234
216 336
216 467
216 505
216 686
216 885
216 956
217 343
217 370
217 454
217 468
217 580
217 676
217 705
217 867
218 224
218 296
218 306
218 475
218 563
218 816
219 819
219 890
220 236
220 248
220 288
220 626
220 884
220 976
221 324
221 325
221 672
221 709
221 803
221 859
221 956
222 261
222 495
222 512
222 552
222 646
222 746
223 454
223 506
223 538
223 549
223 709
223 737
223 827
223 934
223 998
224 274
224 447
224 828
224 945
225 247
225 256
225 301
225 422
225 620
225 907
226 415
226 476
226 867
227 239
227 335
227 371
227 592
227 624
227 651
227 798
227 905
227 955
228 347
228 383
228 385
228 531
228 541
228 890
228 912
229 377
229 504
229 523
229 697
229 835
229 872
229 882
229 941
229 949
230 293
230 373
230 427
230 435
230 482
230 501
230 709
230 900
230 923
230 934
230 949
230 987
231 353
231 379
231 451
231 468
231 489
231 764
231 906
231 946
231 978
232 299
232 312
232 448
232 644
233 321
233 348
233 568
233 623
233 689
233 902
234 378
234 385
234 563
234 646
234 694
234 823
234 827
234 867
234 886
234 895
235 385
235 456
235 469
235 475
235 507
235 545
235 554
235 616
235 645
235 664
235 773
235 793
235 937
236 405
236 443
236 624
236 935
237 266
237 350
237 426
237 690
237 749
237 886
238 329
238 343
238 470
238 595
238 608
238 630
238 702
238 729
238 739
238 767
238 899
238 913
238 929
238 983
239 482
239 489
239 812
239 986
240 537
240 588
240 608
240 710
240 806
240 848
240 921
240 947
240 960
241 274
241 323
241 432
241 456
241 811
241 846
242 261
242 688
242 787
242 851
242 923
243 377
243 437
243 489
243 494
243 502
243 675
243 768
243 790
243 863
244 274
244 333
244 351
244 765
244 832
244 854
244 866
244 956
245 481
245 486
245 527
245 752
245 911
246 272
246 581
246 760
246 796
247 262
247 477
247 551
247 593
247 767
247 822
247 940
248 679
248 953
249 270
249 272
249 277
249 286
249 538
249 718
249 840
250 321
250 348
250 380
250 497
250 524
250 577
250 580
251 273
251 329
251 507
251 525
251 599
251 600
251 761
251 864
252 268
252 374
252 399
252 424
252 737
252 750
252 860
253 295
253 297
253 379
253 410
253 416
253 469
253 591
253 660
253 890
254 271
254 297
254 385
254 408
254 466
254 520
255 344
255 448
255 626
255 655
256 323
256 351
256 437
256 481
256 540
256 549
256 681
256 770
256 939
256 991
257 278
257 332
257 336
257 590
257 606
257 916
258 327
258 337
258 551
258 633
258 687
258 689
258 758
258 985
259 276
259 385
259 482
259 512
259 669
259 766
259 894
259 919
259 971
260 482
260 600
260 677
260 810
260 947
261 300
261 312
261 366
261 381
261 607
261 755
261 807
261 919
261 985
262 283
262 395
262 428
262 487
262 681
262 730
262 880
262 935
263 314
263 331
263 372
263 391
263 465
263 631
263 648
263 962
264 331
264 393
264 404
264 409
264 511
264 672
264 912
265 291
265 317
265 331
265 539
265 604
265 641
265 726
265 746
265 954
266 277
266 345
266 392
266 684
266 693
266 742
266 907
267 313
267 411
267 518
267 591
267 606
267 659
267 691
267 703
267 708
268 341
268 349
268 537
268 686
268 742
268 744
268 840
268 918
268 947
268 972
269 335
269 338
269 356
269 404
269 406
269 582
269 837
269 849
269 914
269 924
269 964
270 375
270 551
270 559
270 665
270 733
270 801
270 819
270 905
270 965
271 383
271 532
271 610
271 741
271 848
271 872
271 901
271 958
271 964
271 979
272 278
272 335
272 356
272 635
272 660
272 880
272 986
273 274
273 276
273 307
273 365
273 511
273 639
273 728
273 747
273 890
273 903
273 937
274 448
274 537
275 298
275 317
275 390
275 526
275 574
275 610
275 751
275 930
276 489
276 532
276 543
276 659
276 855
276 950
277 371
277 490
277 750
277 798
277 904
277 959
277 997
278 390
278 438
278 464
278 469
278 511
278 540
278 608
278 690
278 944
279 350
279 390
279 459
279 856
279 882
279 895
279 931
280 399
280 521
280 677
280 772
281 446
281 454
281 770
281 979
282 332
282 496
282 574
282 644
282 665
282 771
282 869
282 992
283 507
283 582
283 616
283 731
283 784
283 801
283 840
283 986
284 358
284 552
284 733
284 893
284 961
284 967
285 476
285 604
285 653
285 659
285 721
286 619
286 661
286 662
286 715
286 779
286 862
286 877
287 353
287 383
287 515
287 586
287 595
287 742
287 764
287 775
287 870
287 981
288 300
288 719
288 741
288 799
288 969
289 301
289 330
289 712
289 799
289 804
289 837
289 863
289 952
290 474
290 525
290 692
290 734
290 751
291 377
291 572
291 672
291 752
291 829
291 852
291 862
292 380
292 429
292 511
292 638
292 696
292 985
293 595
293 800
294 563
294 566
294 570
294 637
294 914
295 338
295 388
295 439
295 683
295 925
295 998
296 393
296 656
296 692
296 706
296 944
297 431
297 462
297 536
297 538
297 932
298 414
298 520
298 530
298 552
298 556
298 776
298 929
298 997
299 477
299 495
299 523
299 553
299 850
300 390
300 420
300 471
300 722
300 899
301 447
301 463
301 578
301 725
301 740
301 816
301 871
301 940
301 990
302 365
302 486
302 500
302 674
302 726
303 499
303 626
303 752
303 800
303 807
303 810
303 885
303 892
303 919
303 942
304 363
304 432
304 550
304 703
304 730
304 847
304 902
305 331
305 801
305 823
305 869
305 872
305 906
306 408
306 533
306 560
307 459
307 715
307 736
307 782
307 804
307 856
307 898
308 320
308 545
308 953
308 965
308 982
308 983
309 329
309 552
309 585
309 634
309 739
309 753
309 764
309 817
310 434
310 492
310 738
310 834
310 917
310 994
311 444
311 477
311 524
311 555
311 634
311 669
311 736
311 750
311 760
311 839
312 377
312 452
312 455
312 512
312 598
312 653
312 711
312 908
313 329
313 385
313 395
313 718
313 935
314 341
314 441
314 456
314 502
314 689
314 834
314 856
314 907
315 440
315 443
315 462
315 621
315 776
315 901
316 422
316 442
316 462
316 518
316 586
316 682
316 790
316 863
317 407
317 463
317 814
317 890
317 974
318 398
318 472
318 504
318 726
318 786
318 835
319 495
319 508
319 554
319 809
320 411
320 419
320 462
321 420
321 683
321 764
321 797
321 807
321 976
321 984
322 623
322 627
322 844
323 345
323 347
323 429
323 503
323 902
323 928
324 383
324 447
324 458
324 513
324 593
324 698
324 774
324 788
324 876
325 412
325 461
325 484
325 556
325 754
325 784
325 832
325 943
326 334
326 349
326 475
326 500
326 547
326 705
326 718
326 788
326 828
326 953
327 403
327 517
327 634
327 748
327 873
327 937
327 984
328 407
328 612
328 614
328 689
328 756
328 817
328 830
328 909
329 346
329 376
329 527
329 636
329 724
329 933
330 342
330 485
330 512
330 575
330 693
330 912
331 439
331 469
331 477
331 557
331 742
331 863
331 881
331 979
332 491
332 597
332 598
332 683
332 691
332 723
332 904
332 906
333 738
333 936
334 363
334 395
334 416
334 491
334 627
334 812
334 961
334 988
335 347
335 426
335 500
335 630
335 745
335 756
335 800
335 809
335 989
336 591
336 866
336 996
337 508
337 511
337 539
337 570
337 571
337 591
337 646
337 707
337 709
337 720
337 952
337 965
338 445
338 464
338 508
338 510
338 584
338 593
338 697
338 757
338 852
338 972
338 999
339 679
339 875
339 937
340 437
340 469
340 514
340 589
340 619
340 628
340 640
340 735
340 826
340 886
341 479
341 514
341 677
341 747
341 810
341 940
341 979
342 359
342 473
342 568
342 599
342 671
342 752
342 851
342 896
342 976
343 367
343 380
343 445
343 447
343 540
343 562
343 693
343 794
343 845
343 868
343 970
344 555
344 607
344 623
344 650
344 923
344 997
345 467
345 532
345 607
345 839
345 886
345 890
345 980
345 981
346 562
346 613
346 674
346 740
346 775
346 912
347 360
347 363
347 419
347 686
347 726
347 958
348 557
348 577
348 789
348 818
349 426
349 553
349 577
349 655
349 710
349 936
350 457
350 658
351 442
351 538
351 776
351 793
351 884
352 359
352 640
352 708
352 875
352 917
352 936
352 981
352 985
353 376
353 736
354 416
354 434
354 748
354 807
355 594
355 654
355 743
355 903
355 972
355 984
355 988
356 595
356 765
357 395
357 421
357 576
357 603
357 669
357 722
357 833
357 866
357 944
357 965
358 385
358 400
358 443
358 625
358 630
358 657
358 755
358 817
358 833
358 930
358 941
359 435
359 630
359 659
359 667
359 762
359 829
359 836
359 843
360 481
360 655
360 717
360 808
361 398
361 403
361 429
361 565
361 578
361 774
361 832
361 920
361 996
362 369
362 378
362 811
362 866
362 875
362 925
362 997
363 417
363 422
363 573
363 590
363 645
363 652
363 661
363 725
363 772
363 795
364 663
364 767
364 809
364 889
364 938
365 370
365 569
365 685
365 687
365 733
365 972
366 372
366 554
366 772
367 495
367 578
367 666
367 684
368 496
368 510
368 526
368 709
368 783
368 803
368 824
368 830
368 838
368 895
369 557
369 597
369 894
369 926
369 978
370 371
370 421
370 439
370 603
370 632
370 683
370 731
370 745
370 819
370 845
370 851
371 408
371 466
371 479
371 640
371 699
371 971
372 534
372 562
372 580
372 608
372 712
372 752
372 789
372 901
373 625
373 766
373 846
373 967
374 493
374 546
374 572
374 743
374 751
375 393
375 620
375 689
375 722
375 919
375 976
376 461
376 463
376 477
376 498
376 596
376 636
376 638
376 670
376 731
376 833
376 883
376 926
377 409
377 533
377 846
377 911
377 918
377 986
378 624
378 841
379 391
379 457
379 573
379 675
379 694
379 810
379 889
379 933
379 978
380 396
380 527
380 663
381 464
382 554
382 596
382 635
382 667
382 705
382 755
382 773
382 804
382 807
382 816
382 957
383 390
383 434
383 532
383 607
383 662
383 700
383 849
383 930
384 461
384 802
384 928
384 929
384 969
384 981
385 676
385 707
385 785
385 852
386 446
386 487
386 609
386 724
386 750
386 789
386 833
386 845
387 438
387 580
387 607
387 737
387 784
387 855
388 431
388 515
388 675
388 731
388 844
388 966
389 590
389 735
389 742
389 745
389 958
389 973
390 448
390 451
390 581
390 623
390 633
390 705
390 712
390 736
390 759
390 790
390 821
390 848
390 882
391 421
391 515
391 521
391 551
391 673
391 786
391 844
391 864
392 663
392 718
392 777
393 398
393 427
393 451
393 602
393 659
393 671
393 949
394 396
394 416
394 653
394 665
394 886
394 903
394 993
395 458
395 552
395 581
395 749
395 756
395 759
395 783
395 874
396 462
396 595
396 633
396 676
397 458
397 544
397 586
397 783
397 834
398 420
398 567
398 574
398 689
398 730
398 742
398 756
398 983
399 425
399 454
399 597
399 600
399 604
399 637
399 682
399 693
399 950
400 422
400 440
400 601
400 611
400 744
400 824
400 932
400 999
401 478
401 681
401 710
401 754
401 815
401 870
402 780
402 820
402 973
403 645
403 786
403 828
403 890
403 993
404 427
404 700
404 733
404 738
404 806
404 838
404 945
404 963
404 972
404 990
404 992
404 995
405 747
405 764
405 796
405 819
405 926
405 983
406 589
406 637
406 761
406 776
406 878
406 944
407 490
407 509
407 577
407 611
407 676
407 741
407 753
407 889
407 918
407 933
407 939
408 487
408 577
408 797
408 798
408 829
408 929
409 419
409 488
409 505
409 633
409 658
409 982
410 463
410 470
410 570
410 579
410 739
410 883
410 920
411 524
411 532
411 740
411 892
412 593
412 642
412 656
413 525
413 560
413 825
413 914
414 480
414 481
414 583
414 905
414 972
415 417
415 465
415 707
415 713
415 779
415 781
415 860
415 894
415 931
416 495
416 568
416 624
416 642
416 877
416 900
416 936
416 980
417 460
417 630
417 695
417 819
417 952
418 428
418 611
418 716
418 743
419 561
419 596
419 628
419 948
420 495
420 602
420 604
420 701
420 735
420 921
421 481
421 517
421 810
421 812
421 885
421 914
422 448
422 466
422 553
422 617
423 474
423 571
423 638
423 710
423 767
423 804
423 932
424 674
424 805
424 953
424 962
425 608
425 652
425 761
425 837
425 877
425 884
425 947
426 447
426 851
426 917
426 934
427 487
427 650
427 948
428 634
428 731
428 933
428 958
428 993
429 499
429 838
429 919
429 926
431 432
431 486
431 572
431 587
431 730
431 808
431 934
432 561
432 577
432 607
432 843
433 454
433 475
433 571
433 584
433 595
433 764
433 856
433 929
434 515
434 574
434 800
434 834
434 869
435 455
435 517
435 765
435 846
435 878
435 900
436 792
436 942
437 645
437 686
437 779
437 801
437 975
437 990
438 439
438 498
438 609
438 647
438 663
438 851
438 978
439 490
439 551
439 580
439 605
439 739
439 797
439 901
439 960
440 459
440 474
440 507
440 513
440 555
440 574
440 587
440 611
440 676
440 682
440 753
440 822
440 937
441 522
441 548
441 757
441 758
441 761
441 837
441 860
441 910
441 956
442 469
442 766
442 849
443 520
443 647
443 717
443 898
444 459
444 475
444 778
444 779
444 918
444 978
445 456
445 479
445 603
445 827
445 985
446 458
446 556
446 583
446 585
446 616
446 727
446 774
446 804
447 495
447 663
447 716
447 858
447 951
448 482
448 494
448 605
448 701
449 460
449 522
449 558
449 573
449 705
449 731
449 735
449 736
449 744
449 855
449 963
450 472
450 720
450 765
450 808
450 840
450 873
451 540
451 845
451 952
451 980
452 610
453 674
453 800
453 963
454 575
454 635
454 711
454 724
454 730
454 766
455 464
455 544
455 656
455 699
455 815
456 495
456 851
456 881
456 885
457 467
457 693
457 718
457 780
457 803
457 804
458 644
458 671
458 873
458 941
459 469
459 478
459 641
459 648
459 828
459 960
460 509
460 527
460 968
460 977
461 468
461 484
461 564
461 588
461 656
461 713
461 797
461 929
462 495
462 575
462 829
462 876
462 877
462 916
462 949
462 965
462 979
463 469
463 666
463 698
463 739
463 882
464 607
464 774
464 780
464 805
465 494
465 665
466 792
466 871
466 901
466 957
466 965
467 551
467 716
467 785
467 835
467 903
467 928
468 485
468 522
468 559
468 577
468 579
468 644
468 697
468 806
468 927
469 474
469 736
469 781
469 811
470 803
470 850
470 965
471 895
471 949
472 628
472 695
472 697
472 700
472 710
472 713
472 763
472 820
472 836
472 855
473 809
473 936
473 992
474 536
474 650
474 819
474 917
474 952
475 504
475 597
475 606
475 713
475 723
476 507
476 534
476 549
476 586
476 608
476 701
476 842
476 891
476 900
477 582
477 690
477 700
477 835
478 562
478 567
478 646
478 647
478 726
478 784
479 659
479 771
479 786
479 907
480 566
480 672
480 773
480 978
481 576
481 600
481 660
481 819
481 917
481 944
482 501
482 519
482 544
482 561
482 875
483 818
483 826
483 891
484 642
484 912
484 969
484 986
485 508
485 848
485 859
485 971
486 487
486 674
486 727
486 777
486 795
486 936
487 647
487 788
487 982
488 660
488 684
488 727
488 851
488 904
489 512
489 539
489 745
490 777
490 811
491 513
491 517
491 542
491 552
491 661
491 785
491 885
492 641
492 755
492 783
492 796
492 988
493 701
493 792
493 893
494 528
494 816
494 823
494 888
494 955
495 753
495 755
495 763
495 808
495 913
495 989
495 990
496 572
496 583
496 774
496 799
496 889
496 959
497 517
497 530
497 706
497 793
497 884
497 916
497 954
498 519
498 669
498 739
499 589
499 650
499 750
500 533
500 551
500 576
500 601
500 638
500 730
500 832
500 853
501 546
501 689
501 950
502 753
502 801
502 846
503 614
503 832
503 892
503 929
504 707
504 856
504 918
504 950
505 551
505 656
505 770
505 794
505 828
505 874
505 899
506 512
506 573
506 635
506 843
506 923
506 939
507 516
507 519
507 567
507 748
507 854
507 877
508 699
508 817
508 967
509 596
509 699
510 583
510 757
510 850
510 889
511 591
511 601
511 754
512 567
512 579
512 760
512 763
513 568
513 595
513 599
513 693
513 747
513 783
515 766
515 893
516 545
516 657
516 736
516 785
516 870
517 582
517 700
517 754
517 786
517 813
517 871
517 912
518 718
518 721
518 793
518 875
519 550
519 574
519 659
519 710
519 976
520 636
520 709
520 890
520 979
521 540
521 594
521 635
521 651
521 880
522 528
522 581
522 602
522 809
522 929
523 706
523 828
523 863
523 953
523 981
524 611
524 635
524 655
524 814
524 838
524 886
525 977
526 675
526 835
527 551
527 601
527 848
527 872
527 919
527 979
527 987
528 616
528 707
528 749
528 780
528 824
528 828
529 718
529 894
529 897
530 547
530 552
530 710
530 810
530 879
530 882
531 533
531 615
531 638
531 896
531 958
532 742
533 602
533 746
533 776
533 900
533 957
533 969
533 996
534 594
534 615
534 832
534 841
534 909
534 953
535 591
535 684
535 769
535 804
535 870
535 905
536 639
536 746
536 830
536 835
537 590
537 682
537 713
537 931
538 549
538 748
538 787
538 791
538 864
538 982
539 583
539 705
539 785
539 791
540 542
540 573
540 585
540 587
540 653
540 847
540 883
540 962
541 624
541 696
541 731
541 735
542 547
542 747
542 823
542 872
542 899
543 645
543 672
543 820
543 899
544 768
544 781
545 583
545 855
545 868
545 977
546 642
546 810
546 820
546 852
546 952
547 684
547 833
547 890
547 956
547 971
548 794
548 954
549 701
549 786
550 561
550 592
550 710
550 834
550 950
551 751
551 790
551 839
551 893
551 959
551 970
552 878
552 971
553 753
553 807
553 923
554 569
554 582
554 759
554 762
554 816
554 898
554 922
554 992
555 566
555 779
555 780
555 794
555 807
555 825
555 839
556 672
556 685
556 935
557 636
557 653
557 910
557 980
558 692
558 787
558 807
558 894
559 721
559 927
560 561
560 573
560 646
560 735
560 775
560 803
560 813
561 588
561 620
561 821
561 882
562 630
562 890
562 996
563 700
563 735
563 825
563 832
564 588
564 593
564 639
564 949
565 609
565 712
565 789
566 720
566 817
566 930
566 995
567 583
567 739
567 780
567 960
568 652
568 659
568 801
568 872
570 640
570 651
570 657
570 689
570 715
570 935
570 953
571 591
571 620
571 632
571 633
571 756
571 843
571 997
572 601
572 613
572 871
572 878
573 761
574 804
574 819
574 836
574 923
575 592
575 631
575 635
575 649
575 657
575 695
575 715
575 719
575 771
575 782
575 964
576 849
576 960
577 606
577 630
577 634
577 659
577 799
577 894
577 895
577 953
577 964
578 668
578 680
578 704
578 708
578 968
579 785
580 819
580 978
581 696
581 788
581 861
581 875
581 989
581 999
582 639
582 700
582 823
582 841
582 862
582 894
583 643
583 644
583 762
583 765
583 768
583 795
583 839
583 844
583 864
583 883
583 920
583 925
584 585
584 803
584 812
584 935
584 961
584 991
585 649
585 736
585 751
585 962
586 737
586 763
587 618
587 636
587 702
587 799
587 819
587 851
587 924
587 954
587 961
587 986
588 683
588 699
588 734
588 774
588 825
588 912
588 987
589 749
589 906
590 707
590 874
591 665
591 912
593 634
593 739
593 828
593 842
594 892
595 869
595 899
595 935
596 597
596 717
596 786
596 919
596 946
597 678
597 751
597 824
597 850
598 897
599 822
599 831
599 856
599 882
600 784
600 857
600 867
600 945
601 656
601 778
601 870
601 897
601 984
601 992
602 667
602 770
602 832
602 837
602 897
602 963
602 989
603 759
603 765
603 833
604 678
604 702
604 716
604 834
605 866
605 899
605 920
605 921
606 612
606 758
606 786
607 715
607 787
607 822
608 657
608 744
608 833
608 971
609 660
609 980
610 612
610 674
610 927
611 684
611 761
611 980
612 646
612 696
612 854
612 882
613 654
613 656
613 741
613 990
614 671
614 765
614 913
615 648
616 702
616 791
616 945
617 674
617 760
617 792
617 824
618 797
618 876
619 664
619 772
619 909
620 790
620 826
621 702
621 757
621 785
621 914
622 632
622 785
622 968
622 998
623 670
623 783
623 848
623 898
624 802
624 852
624 932
624 985
625 645
625 743
625 755
625 824
625 924
625 954
625 990
625 991
626 686
626 700
626 838
626 894
626 943
627 629
627 869
627 878
627 953
627 966
627 993
628 701
628 753
628 938
629 768
629 926
630 637
630 694
630 784
630 808
630 829
630 903
631 662
631 724
631 824
632 789
632 976
633 875
633 903
633 958
634 759
634 785
635 698
635 934
636 688
636 717
636 725
636 756
636 847
636 922
637 951
638 929
638 990
640 675
640 709
640 817
640 885
641 663
641 708
641 750
643 721
643 777
643 841
644 800
644 957
644 989
644 993
645 680
645 734
645 808
645 872
645 993
646 703
646 780
646 891
646 943
646 954
647 709
647 754
647 783
647 800
647 802
647 926
647 986
648 704
648 793
648 911
649 659
649 701
649 836
649 929
650 855
650 860
650 924
651 904
651 975
652 684
652 782
652 846
652 909
653 885
653 967
654 692
654 778
654 872
654 962
655 661
655 988
656 797
656 900
656 902
657 885
657 909
658 773
658 994
659 875
661 780
662 698
662 702
662 716
662 767
662 784
662 850
662 900
662 978
663 668
663 819
663 844
664 696
664 721
665 874
666 675
666 967
668 848
669 768
669 806
670 713
670 861
670 973
671 946
671 958
671 965
671 985
672 733
672 923
672 931
673 690
673 692
673 764
673 770
673 778
674 888
674 980
675 737
675 741
676 729
676 834
677 956
678 758
678 763
678 815
678 926
679 724
679 735
679 816
680 953
682 691
682 886
682 964
684 761
685 862
685 939
686 711
686 785
686 830
686 922
686 963
687 912
687 936
688 864
689 716
689 824
689 953
691 703
691 850
691 882
692 719
692 755
692 829
692 966
692 992
693 870
693 913
693 938
693 947
694 699
694 749
694 764
695 815
695 820
695 890
696 714
696 754
696 837
696 924
697 730
697 765
697 932
697 977
698 753
698 792
698 836
698 970
698 983
699 819
699 836
699 893
699 910
699 924
699 970
699 975
700 808
700 951
701 731
701 818
701 836
701 837
701 865
701 941
702 818
702 831
702 900
703 917
703 987
704 778
704 932
704 941
704 956
705 803
705 876
706 731
706 764
706 833
706 961
707 769
707 772
707 868
707 921
708 965
709 713
709 826
709 853
709 859
709 992
710 931
710 953
711 824
713 720
713 777
713 819
713 840
713 878
713 995
714 750
714 942
715 923
715 941
716 813
716 900
716 931
716 932
716 988
718 817
718 827
718 843
718 867
718 944
719 830
719 857
719 862
719 962
720 794
720 991
722 759
722 973
723 829
723 874
723 904
725 800
725 928
725 951
726 768
726 948
727 732
727 783
727 872
727 951
728 733
728 808
728 867
729 741
729 745
729 779
729 966
730 765
730 845
730 893
730 912
730 952
731 777
731 783
731 896
731 963
732 752
732 776
733 957
734 796
735 760
735 771
735 817
735 940
736 743
736 827
736 835
737 874
737 961
738 851
738 938
739 901
739 951
741 844
741 845
741 863
741 871
742 807
742 853
743 802
743 895
743 987
743 997
745 755
746 754
746 831
746 916
747 812
747 831
747 899
747 937
748 767
748 807
748 810
748 832
748 978
748 988
749 972
750 766
751 775
751 873
751 953
752 769
752 820
752 924
752 956
753 818
753 825
753 889
753 920
754 879
754 919
754 965
755 888
755 957
755 963
756 960
757 893
758 911
758 985
759 862
759 964
762 777
762 787
762 806
762 821
762 914
762 981
763 830
763 849
763 871
763 961
764 836
764 897
765 796
765 898
765 957
765 997
766 781
766 905
767 787
767 853
767 938
768 876
768 886
768 962
768 965
769 889
770 783
770 941
771 799
771 837
771 924
773 826
774 868
775 990
776 822
777 868
777 996
779 989
780 895
780 933
780 996
781 909
781 941
781 943
781 979
782 809
782 956
783 875
783 925
785 794
785 796
785 838
785 920
785 942
785 997
786 886
786 895
787 858
787 897
787 980
788 855
788 946
789 857
789 975
790 792
790 841
790 868
791 878
791 899
791 958
791 968
792 891
793 975
794 853
794 856
794 949
795 921
796 885
797 870
798 887
798 910
799 860
799 922
800 827
800 899
800 979
800 993
801 820
801 831
801 833
802 851
802 997
804 838
804 856
804 910
804 938
805 931
805 995
806 818
806 870
806 887
806 926
806 943
807 892
807 993
808 862
809 945
810 971
811 819
811 859
811 898
811 981
812 979
812 984
813 845
813 922
813 971
813 978
814 853
814 975
815 853
815 871
816 822
816 995
817 920
818 848
819 866
819 884
819 939
819 962
821 960
821 968
822 894
824 859
824 861
824 912
824 938
824 990
825 848
825 885
826 847
826 995
827 836
827 858
827 909
827 911
828 943
829 840
829 849
829 895
829 922
830 836
830 893
830 950
832 867
833 907
833 944
834 862
834 897
834 951
836 990
838 922
839 868
840 861
840 969
840 987
841 906
841 960
841 965
842 898
842 928
842 968
843 860
843 943
843 978
845 990
847 854
847 856
850 922
851 973
852 911
852 932
853 867
853 920
856 970
856 988
857 888
858 918
859 921
861 898
861 906
862 875
862 903
863 889
863 897
865 969
866 918
868 891
868 915
868 942
868 953
869 924
869 998
870 985
871 890
871 908
871 927
871 951
871 960
872 889
872 925
872 935
874 880
874 912
876 939
876 995
877 924
877 977
878 919
878 945
878 949
878 966
879 893
880 917
880 987
883 940
884 932
884 936
884 998
886 937
887 982
889 937
890 923
890 949
890 950
893 956
893 999
894 915
895 987
896 951
896 973
896 980
897 961
897 964
899 935
900 951
901 992
902 966
903 911
904 953
907 982
909 951
910 922
910 925
910 931
911 988
912 926
912 968
916 990
916 995
917 945
920 988
922 957
922 979
924 949
929 976
931 966
931 994
933 937
933 969
933 975
934 951
935 939
935 953
937 951
941 995
943 945
943 947
945 996
948 970
948 982
949 958
950 960
950 986
950 988
951 958
957 963
957 981
973 999
