0 1
0 999
0 2
0 998
0 3
0 997
1 2
1 3
1 999
1 998
1 406
2 4
2 5
2 999
2 881
3 4
3 5
3 6
3 59
4 5
4 6
4 7
5 6
5 7
5 8
6 7
6 8
6 9
7 8
7 9
7 712
7 764
8 9
8 10
8 640
9 10
9 11
9 12
10 11
10 12
10 13
11 12
11 13
11 14
12 13
12 14
12 827
13 14
13 15
13 16
13 404
14 16
14 17
14 318
15 16
15 17
15 18
16 17
16 18
16 19
17 18
17 19
17 20
18 19
18 20
18 573
19 21
19 22
19 368
20 21
20 22
20 23
20 888
21 22
21 23
21 24
22 24
22 25
22 546
23 24
23 25
23 26
24 25
24 27
24 817
25 26
25 27
25 28
26 28
26 153
26 576
27 28
27 30
27 447
28 29
28 30
28 31
28 451
29 30
29 31
29 32
30 31
30 33
30 333
31 32
31 34
31 776
32 33
32 34
32 35
33 34
33 35
33 36
34 35
34 36
34 37
35 36
35 37
35 38
36 37
36 38
36 39
37 39
37 40
37 400
38 39
38 40
38 41
38 559
39 40
39 41
39 42
40 41
40 42
40 43
41 42
41 43
41 44
41 827
42 44
42 45
42 252
43 44
43 45
43 46
43 770
44 45
44 46
44 47
44 57
45 47
45 48
45 801
45 815
46 47
46 48
46 49
46 543
47 48
47 49
47 50
48 49
48 50
48 51
48 751
49 50
49 51
49 52
50 51
50 53
50 140
51 52
51 53
51 54
52 54
52 55
52 236
53 54
53 55
53 56
54 55
54 56
54 57
55 56
55 57
55 58
56 57
56 58
56 59
57 59
57 60
58 59
58 60
58 61
59 60
59 61
60 61
60 62
60 63
60 348
60 576
61 62
61 63
61 64
62 64
62 65
62 390
63 64
63 65
63 66
64 66
64 67
64 378
65 66
65 67
65 68
66 67
66 68
66 234
67 68
67 70
67 231
68 69
68 70
68 71
69 70
69 71
69 72
70 71
70 72
70 989
71 72
71 73
71 74
72 73
72 74
72 75
73 74
73 75
73 76
74 75
74 76
74 77
74 537
74 213
75 76
75 77
75 78
76 77
76 78
76 79
76 845
77 78
77 79
77 80
77 670
78 79
78 80
78 81
78 448
78 653
79 80
79 81
79 82
79 957
79 479
80 81
80 83
80 275
81 82
81 84
81 684
82 83
82 84
82 85
83 85
83 86
83 907
83 492
83 878
84 85
84 86
84 708
85 86
85 87
85 88
86 87
86 88
86 89
86 654
87 88
87 89
87 90
87 325
88 89
88 90
88 91
89 90
89 91
89 92
89 981
90 91
90 92
90 93
90 309
90 893
91 92
91 93
91 94
92 93
92 94
92 95
93 94
93 95
93 96
94 95
94 96
94 97
95 96
95 97
95 98
96 97
96 98
96 99
97 98
97 99
97 100
98 99
98 100
98 439
99 101
99 102
99 730
100 101
100 103
100 847
101 102
101 103
101 104
102 103
102 104
102 105
103 105
103 106
103 816
104 105
104 106
104 107
105 107
105 108
105 132
106 107
106 108
106 109
106 954
107 108
107 109
107 110
108 110
108 111
108 770
108 709
109 111
109 112
109 538
110 111
110 112
110 113
111 112
111 113
111 114
112 113
112 115
112 443
113 114
113 115
113 116
114 115
114 116
114 117
115 116
115 117
115 118
116 117
116 118
116 119
117 118
117 119
117 120
117 327
118 120
118 121
118 883
118 363
119 120
119 121
119 122
120 121
120 122
120 123
120 636
121 122
121 123
121 280
122 123
122 124
122 125
122 127
123 124
123 125
123 126
124 125
124 126
124 275
124 810
125 127
125 128
125 625
125 996
126 127
126 128
126 129
127 129
127 130
127 949
128 129
128 130
128 131
129 130
129 131
129 132
130 131
130 132
130 133
131 132
131 133
131 134
132 133
132 134
132 135
132 700
133 134
133 135
133 136
133 307
134 135
134 136
134 137
134 298
134 631
135 137
135 138
135 768
136 137
136 138
136 139
136 435
137 138
137 139
137 140
138 139
138 140
138 141
138 268
138 195
139 140
139 141
139 142
139 364
140 141
140 142
140 289
141 142
141 143
141 144
142 143
142 144
142 145
143 144
143 145
143 146
144 145
144 146
144 147
144 392
145 146
145 147
145 148
146 147
146 148
146 149
147 148
147 150
147 991
148 149
148 150
148 151
148 900
148 193
149 150
149 151
149 152
150 151
150 152
150 153
151 152
151 154
151 319
152 153
152 154
152 155
153 154
153 155
153 156
154 155
154 156
154 157
155 156
155 157
155 158
155 181
156 157
156 158
156 159
156 194
157 158
157 159
157 160
158 159
158 160
158 161
159 161
159 162
159 899
160 161
160 162
160 163
161 162
161 163
161 164
162 163
162 164
162 165
163 164
163 165
163 166
164 165
164 166
164 167
165 166
165 167
165 168
165 865
166 167
166 168
166 169
167 168
167 169
167 170
167 881
168 169
168 170
168 833
169 170
169 171
169 172
170 171
170 172
170 173
171 172
171 173
171 174
171 920
172 173
172 174
172 175
173 174
173 175
173 176
173 790
174 175
174 176
174 177
175 176
175 177
175 178
176 177
176 178
176 179
177 178
177 179
177 180
178 179
178 180
178 181
178 699
178 459
179 180
179 181
179 182
179 489
180 181
180 182
180 183
181 182
181 184
182 183
182 184
182 901
183 184
183 185
183 186
183 929
184 185
184 186
184 187
185 186
185 187
185 188
186 187
186 188
186 189
187 188
187 189
187 190
188 189
188 190
188 191
189 190
189 191
189 192
190 191
190 192
190 193
191 192
191 193
191 953
191 263
192 193
192 194
192 195
193 194
193 195
194 196
194 197
195 196
195 197
196 197
196 198
196 199
197 198
197 199
197 200
197 869
198 199
198 200
198 201
199 200
199 201
199 202
199 738
200 201
200 202
200 203
201 202
201 203
201 204
201 722
202 203
202 204
202 205
203 204
203 205
203 206
204 205
204 206
204 207
205 206
205 207
205 208
206 207
206 209
206 616
207 208
207 209
207 210
208 209
208 210
208 211
208 521
209 210
209 211
209 212
210 211
210 212
210 213
211 212
211 214
211 382
212 213
212 214
212 215
212 808
213 214
213 215
214 215
214 217
214 470
215 216
215 217
215 218
216 217
216 219
216 660
217 218
217 219
217 220
217 395
218 219
218 220
218 221
219 220
219 221
219 222
219 312
220 221
220 222
220 223
220 526
220 913
220 401
221 222
221 223
221 747
222 223
222 871
222 369
223 224
223 225
223 226
224 225
224 226
224 227
224 509
225 226
225 227
225 228
226 227
226 228
226 229
226 614
227 228
227 229
227 230
228 229
228 230
228 231
229 230
229 231
229 232
230 231
230 232
230 233
231 232
231 234
231 712
232 233
232 234
232 235
233 234
233 235
233 236
234 235
234 236
234 744
234 432
235 236
235 237
235 238
236 237
236 238
236 239
237 238
237 240
237 452
238 239
238 240
238 364
239 242
239 850
239 629
239 620
240 241
240 242
240 243
241 242
241 243
241 244
242 243
242 244
242 245
243 244
243 246
243 618
244 245
244 246
244 247
245 246
245 247
245 248
246 247
246 248
246 249
247 248
247 249
247 250
248 249
248 250
248 251
249 251
249 252
249 877
250 251
250 252
250 253
250 943
251 252
251 253
251 254
252 253
252 254
252 255
253 254
253 255
253 256
253 772
254 255
254 256
254 257
255 256
255 257
255 258
255 805
256 257
256 258
256 259
256 518
257 258
257 259
257 260
257 507
258 259
258 260
258 261
259 260
259 261
259 262
260 261
260 262
260 263
260 930
261 262
261 264
261 910
262 263
262 264
262 265
262 447
263 264
263 265
263 266
264 265
264 266
264 267
264 324
265 266
265 267
265 268
266 267
266 268
266 269
267 268
267 269
267 270
268 820
268 482
269 270
269 271
269 272
270 271
270 273
270 366
271 272
271 273
271 274
271 531
271 841
272 273
272 274
272 275
273 274
273 275
273 276
274 275
274 276
274 277
275 276
275 278
276 277
276 278
276 279
277 278
277 279
277 280
278 279
278 280
278 281
279 280
279 281
279 282
280 281
280 282
280 283
281 282
281 283
281 284
282 283
282 284
282 285
282 496
283 284
283 285
283 286
284 285
284 286
284 287
285 287
285 288
285 713
285 508
286 287
286 288
286 289
287 288
287 289
287 773
288 290
288 291
288 760
289 290
289 291
289 292
290 291
290 292
290 293
291 292
291 293
291 294
292 294
292 295
292 540
293 294
293 295
293 296
294 295
294 296
294 297
295 296
295 297
295 298
296 297
296 298
296 299
297 298
297 299
297 300
298 299
298 300
299 300
299 301
299 302
300 302
300 303
300 892
301 302
301 303
301 304
302 303
302 304
302 305
303 304
303 306
303 658
304 306
304 307
304 754
305 306
305 307
305 308
306 307
306 308
306 309
307 309
307 310
308 310
308 311
308 775
308 376
308 434
309 312
309 522
310 311
310 312
310 313
311 312
311 313
311 314
312 313
312 315
313 314
313 315
313 316
313 436
314 315
314 316
314 317
315 316
315 317
315 318
316 317
316 318
316 319
316 547
317 318
317 319
317 320
318 319
318 320
318 321
319 320
319 321
319 322
319 888
320 321
320 322
320 323
321 322
321 323
321 324
322 323
322 324
322 325
323 324
323 325
323 326
323 510
324 327
324 369
325 326
325 327
325 925
326 327
326 328
326 329
327 328
327 329
328 330
328 331
328 808
329 330
329 331
329 332
330 331
330 332
330 333
331 332
331 333
331 334
331 406
332 333
332 334
332 335
333 334
333 335
333 336
334 335
334 336
334 337
335 336
335 337
335 338
336 337
336 338
336 339
337 338
337 339
337 340
338 339
338 340
338 341
338 917
339 340
339 341
339 342
340 341
340 342
340 343
341 342
341 343
341 344
342 344
342 345
342 350
343 344
343 345
343 346
344 345
344 346
344 347
345 346
345 347
345 348
346 347
346 348
346 349
346 698
347 348
347 349
347 350
348 349
348 351
349 350
349 351
349 352
350 351
350 352
350 353
351 352
351 353
351 354
351 729
352 353
352 354
352 355
353 356
353 926
353 583
354 355
354 356
354 357
355 356
355 357
355 358
355 459
356 357
356 358
356 525
356 606
357 359
357 360
357 959
358 359
358 360
358 361
359 360
359 362
359 862
360 361
360 362
360 363
361 362
361 363
361 364
362 363
362 364
362 365
363 365
363 366
364 365
364 367
365 366
365 367
365 368
366 367
366 368
366 369
367 368
367 370
367 708
367 395
368 369
368 370
368 371
369 370
369 372
369 644
370 373
370 872
370 966
371 372
371 373
371 374
372 373
372 374
372 375
373 374
373 498
373 734
374 375
374 376
374 377
375 376
375 377
375 378
375 831
376 378
376 379
377 378
377 379
377 380
378 379
378 380
378 381
379 380
379 381
379 382
380 381
380 383
380 908
381 382
381 383
381 384
382 383
382 384
382 385
383 384
383 385
383 386
384 386
384 387
384 895
385 386
385 387
385 388
386 387
386 388
386 389
387 388
387 389
387 390
388 389
388 390
388 391
389 390
389 391
389 392
390 391
390 392
390 393
391 392
391 393
391 394
391 664
392 393
392 395
393 394
393 395
393 396
394 395
394 396
394 397
394 953
395 397
395 398
396 397
396 398
396 399
396 670
397 398
397 399
397 400
398 399
398 400
398 401
399 400
399 401
399 402
400 401
400 402
400 403
401 403
401 770
402 403
402 404
402 405
403 404
403 405
403 406
404 405
404 407
405 406
405 407
405 408
406 407
406 409
407 408
407 409
407 410
407 821
408 409
408 410
408 411
409 410
409 411
409 412
410 412
410 413
410 776
411 412
411 413
411 414
412 413
412 414
412 415
413 414
413 415
413 416
414 415
414 416
414 417
414 705
415 416
415 417
415 418
416 417
416 418
416 419
417 418
417 419
417 420
417 602
418 420
418 421
418 543
419 420
419 421
419 422
420 421
420 422
420 423
421 422
421 423
421 424
422 423
422 424
422 425
422 778
423 424
423 425
423 426
424 425
424 426
424 427
425 426
425 428
425 618
426 427
426 428
426 429
427 429
427 430
427 591
428 429
428 430
428 431
429 430
429 431
429 432
430 431
430 433
430 714
431 432
431 433
431 434
432 433
432 434
433 434
433 435
433 436
434 435
434 436
434 963
435 437
435 438
436 438
436 439
436 605
437 438
437 439
437 440
438 439
438 440
438 441
439 440
439 441
439 447
440 441
440 442
440 443
441 442
441 443
441 444
442 443
442 444
442 445
442 528
443 444
443 446
443 568
444 445
444 447
444 696
445 446
445 447
445 448
446 447
446 448
446 449
447 448
447 450
448 451
448 635
449 450
449 451
449 452
449 513
450 451
450 452
450 453
451 452
451 453
452 453
452 454
452 455
453 454
453 455
453 456
454 455
454 456
454 457
455 456
455 457
455 458
455 912
456 457
456 458
456 459
457 458
457 459
457 460
458 459
458 460
458 461
459 460
460 461
460 462
460 463
461 462
461 463
461 464
462 463
462 464
462 465
463 464
463 465
463 466
464 465
464 466
464 467
465 466
465 468
465 602
466 467
466 468
466 469
467 468
467 469
467 470
468 469
468 470
468 471
469 470
469 471
469 472
470 471
470 472
470 473
471 472
471 473
471 474
471 958
472 473
472 474
472 475
473 474
473 475
473 476
474 475
474 476
474 477
474 543
475 476
475 477
475 478
476 477
476 478
476 479
477 478
477 479
477 480
477 892
478 479
478 480
478 481
478 796
479 480
479 481
480 481
480 482
480 483
481 482
481 483
481 484
482 483
482 484
482 485
483 484
483 485
483 486
484 485
484 486
484 487
485 486
485 487
485 488
486 487
486 488
486 489
487 488
487 489
487 490
488 489
488 490
488 491
489 491
489 492
490 491
490 492
490 493
491 492
491 493
491 494
492 494
492 495
493 494
493 495
493 496
494 495
494 496
494 497
495 496
495 497
495 498
496 497
496 498
497 498
497 499
497 500
498 499
498 500
498 501
499 501
499 502
499 777
500 501
500 502
500 503
501 502
501 503
501 504
502 503
502 504
502 505
503 504
503 505
503 506
504 505
504 506
504 507
504 913
505 506
505 507
505 508
506 507
506 508
506 509
507 508
507 510
508 509
508 510
509 510
509 512
510 512
510 513
511 512
511 513
511 519
512 513
512 514
512 515
513 515
513 654
513 955
514 515
514 516
514 517
515 516
515 517
515 518
516 517
516 518
516 519
517 518
517 520
517 888
518 520
518 521
519 520
519 521
519 522
520 521
520 522
520 523
521 522
521 523
521 917
521 590
521 994
522 523
522 524
522 525
523 524
523 525
523 526
524 525
524 526
524 527
525 528
525 846
525 855
526 527
526 529
527 528
527 529
527 530
528 530
528 531
529 531
529 532
529 748
529 558
530 531
530 532
530 533
531 533
531 534
532 533
532 534
532 535
532 871
533 534
533 535
533 536
534 535
534 536
534 537
534 942
535 536
535 537
535 538
536 537
536 538
536 539
537 539
537 540
538 539
538 540
538 541
539 540
539 541
539 542
540 541
540 542
540 543
541 542
541 543
541 544
542 543
542 544
542 545
543 544
544 545
544 546
544 547
545 546
545 547
545 548
546 547
546 548
546 549
547 548
547 550
547 836
548 549
548 550
548 551
548 842
548 706
549 550
549 551
549 552
550 551
550 552
550 553
551 552
551 553
551 554
552 553
552 554
552 555
553 554
553 555
553 556
553 722
554 555
554 556
554 557
555 556
555 557
555 558
556 557
556 558
556 559
557 558
557 559
557 560
558 559
558 560
559 561
559 562
560 561
560 562
560 563
560 708
561 562
561 563
561 564
562 563
562 564
562 565
563 564
563 565
563 566
564 566
564 567
564 599
565 566
565 567
565 568
566 567
566 568
566 569
567 568
567 569
567 967
568 569
568 570
568 571
569 571
569 995
569 805
569 677
570 571
570 572
570 573
571 572
571 573
571 574
572 573
572 574
572 575
573 574
573 575
573 576
574 575
574 576
574 577
575 576
575 577
575 578
576 577
576 579
577 578
577 580
577 719
578 579
578 580
578 581
579 580
579 581
579 582
580 583
580 888
580 902
581 582
581 583
581 584
581 835
582 583
582 584
582 585
583 584
583 585
583 586
584 585
584 586
584 587
585 586
585 587
585 588
586 587
586 588
586 589
587 588
587 589
587 590
588 589
588 590
588 591
588 719
589 590
589 591
589 592
590 591
590 593
591 592
591 593
591 594
592 593
592 594
592 595
593 594
593 595
593 596
594 595
594 596
594 597
595 596
595 597
595 598
596 597
596 598
596 599
597 598
597 599
597 600
598 599
598 600
598 601
599 600
599 601
599 602
600 601
600 602
600 603
601 602
601 603
601 604
602 604
602 854
603 604
603 605
603 606
604 605
604 606
604 607
605 607
605 608
606 607
606 608
606 883
607 608
607 609
607 610
608 609
608 610
608 611
609 610
609 611
609 784
610 611
610 612
610 613
611 612
611 613
611 614
612 613
612 614
612 615
612 984
613 614
613 615
613 616
614 617
614 924
615 616
615 617
615 618
616 617
616 618
616 619
617 618
617 619
617 620
618 619
618 620
618 621
618 738
619 620
619 621
619 622
620 621
620 622
620 623
621 622
621 623
621 624
622 623
622 624
622 625
623 624
623 625
623 626
624 625
624 626
624 627
625 626
625 627
625 628
626 627
626 918
626 693
627 628
627 629
627 630
627 822
628 629
628 630
628 631
629 631
629 632
630 631
630 632
630 633
631 632
631 633
632 633
632 634
632 831
632 818
633 634
633 635
633 636
634 635
634 636
634 637
635 636
635 637
635 638
636 637
636 639
637 638
637 639
637 640
638 639
638 640
638 641
639 640
639 641
639 642
640 641
640 642
640 643
641 642
641 643
641 644
642 643
642 644
642 645
643 644
643 645
643 646
644 645
644 646
644 647
645 646
645 647
645 648
646 647
646 648
646 649
647 648
647 649
647 650
648 649
648 650
648 651
649 650
649 651
649 652
650 651
650 652
650 653
651 652
651 653
651 654
652 653
652 654
652 655
653 654
653 656
654 655
654 657
655 656
655 657
655 658
656 657
656 658
656 659
657 658
657 659
657 660
658 659
658 660
658 661
659 660
659 661
659 662
659 797
660 661
660 662
660 663
661 662
661 663
661 664
662 663
662 664
662 665
663 664
663 665
663 666
664 665
664 666
665 666
665 667
665 668
666 667
666 668
666 669
666 965
667 668
667 669
667 670
668 669
668 670
668 671
669 670
669 671
669 672
669 693
670 673
671 672
671 673
671 674
672 673
672 674
672 675
673 674
673 675
673 676
674 675
674 676
674 677
675 676
675 677
675 869
676 677
676 678
676 679
677 678
677 679
677 680
678 681
678 701
678 692
679 680
679 681
679 682
680 681
680 682
680 683
681 682
681 683
681 684
682 683
682 684
682 685
683 684
683 685
683 686
684 685
684 686
684 687
685 686
685 687
685 688
686 687
686 688
686 689
686 961
687 689
687 690
687 911
688 689
688 690
688 691
689 690
689 691
689 692
690 691
690 692
690 693
691 692
691 693
691 694
692 693
692 694
692 695
693 695
693 696
694 696
694 697
694 842
695 696
695 697
695 698
696 697
696 698
696 699
696 838
697 698
697 699
697 700
698 699
698 701
698 910
699 700
699 702
700 702
700 703
701 702
701 703
701 704
702 703
702 704
702 705
703 704
703 705
703 706
704 705
704 706
704 707
705 707
705 708
706 707
706 708
706 768
707 708
707 709
707 710
708 710
709 710
709 712
710 711
710 712
710 713
711 712
711 713
711 714
712 713
712 715
713 714
713 715
713 716
714 715
714 716
714 717
714 909
715 716
715 717
715 718
716 717
716 718
716 719
717 718
717 719
717 720
718 719
718 720
718 721
719 720
719 721
719 982
720 721
720 722
720 723
721 722
721 723
721 724
722 725
723 725
723 726
723 889
723 802
724 725
724 726
724 727
725 726
725 727
725 728
726 727
726 728
726 729
727 728
727 729
727 730
728 729
728 730
728 731
729 731
729 732
730 731
730 732
730 733
731 732
731 733
731 734
732 733
732 734
732 735
733 734
733 735
733 736
734 735
734 736
734 921
735 736
735 737
735 738
736 737
736 738
736 739
736 752
737 738
737 739
737 740
738 740
739 740
739 741
739 742
740 741
740 742
740 743
741 742
741 743
741 744
742 743
742 744
742 745
743 744
743 745
743 746
744 745
744 746
744 747
745 746
745 747
745 748
746 747
746 748
746 749
747 749
747 750
747 787
748 749
748 750
748 751
748 940
749 750
749 751
749 752
750 751
750 752
750 753
751 753
751 754
752 754
752 755
753 754
753 755
753 756
754 755
754 756
754 757
755 756
755 757
755 758
756 757
756 758
756 759
757 758
757 759
757 760
758 759
758 760
758 761
759 760
759 761
759 762
760 761
760 762
760 763
761 762
761 763
761 764
762 763
762 764
762 765
763 764
763 765
763 766
764 765
764 766
764 767
765 766
765 767
765 768
766 767
766 768
766 769
767 768
767 769
767 770
768 770
768 771
769 770
769 771
769 772
770 772
770 773
771 772
771 773
771 774
772 773
772 775
773 774
773 775
773 776
774 775
774 776
774 777
775 776
775 777
775 778
776 777
776 778
776 779
777 778
777 779
777 780
778 779
778 781
779 780
779 781
779 782
780 781
780 782
780 783
781 782
781 783
781 784
782 783
782 784
782 785
783 784
783 785
783 786
784 785
784 786
784 787
785 786
785 787
785 788
786 787
786 788
786 789
786 982
787 788
787 789
787 790
788 789
788 790
788 791
789 791
789 792
789 854
790 791
790 792
791 792
791 793
791 794
792 793
792 794
792 795
793 794
793 795
793 796
794 795
794 796
794 797
795 796
795 797
795 798
796 797
796 799
797 799
797 800
798 799
798 800
798 801
799 800
799 801
799 802
800 801
800 802
800 803
801 803
801 804
801 917
802 803
802 804
803 804
803 805
803 806
804 805
804 806
804 807
805 807
806 807
806 808
806 809
807 808
807 809
807 810
808 809
808 811
809 810
809 811
809 812
810 811
810 812
810 813
811 812
811 813
811 814
812 813
812 814
812 841
813 814
813 815
813 816
814 815
814 816
814 817
815 816
815 817
816 817
816 818
816 819
817 818
817 819
817 820
818 819
818 820
819 820
819 821
819 822
820 821
820 822
820 823
821 822
821 823
822 824
822 825
823 824
823 825
823 826
824 825
824 826
824 827
825 826
825 827
825 828
825 835
826 827
826 828
826 829
827 828
827 829
828 829
828 830
828 831
829 830
829 832
829 957
830 831
830 832
830 833
831 833
831 834
832 833
832 834
832 835
833 834
833 835
833 836
834 835
834 836
834 837
835 838
836 837
836 839
837 838
837 839
837 840
838 839
838 841
839 840
839 841
839 842
840 841
840 842
840 843
841 843
841 844
842 843
842 845
843 844
843 845
843 846
844 845
844 846
844 847
845 847
845 848
846 847
846 848
846 849
847 848
847 849
847 886
848 849
848 850
848 851
849 850
849 851
849 852
850 851
850 852
850 853
851 852
851 853
851 854
852 853
852 854
852 855
853 854
853 855
853 856
854 855
854 856
854 857
855 856
855 857
855 858
856 857
856 858
856 859
857 858
857 859
857 860
858 859
858 860
858 861
859 860
859 861
859 862
860 861
860 862
860 863
861 862
861 863
861 864
862 863
862 864
862 865
863 864
863 865
863 866
864 865
864 866
864 867
865 867
865 868
866 867
866 868
866 869
867 868
867 869
867 870
868 869
868 870
868 871
869 871
869 872
870 871
870 872
870 873
871 872
871 873
872 873
872 874
872 875
873 874
873 876
873 933
874 875
874 876
874 877
875 876
875 877
875 878
876 877
876 878
876 879
877 878
877 879
877 880
878 879
878 880
879 880
879 881
879 882
880 881
880 882
880 883
881 883
881 884
882 883
882 884
882 885
883 884
883 885
884 885
884 886
884 887
885 886
885 887
885 888
886 887
886 888
886 889
887 888
887 889
887 890
888 891
889 890
889 891
889 892
890 891
890 892
890 893
891 892
891 893
891 894
892 894
892 895
893 894
893 896
894 895
894 896
894 897
895 896
895 897
895 898
896 897
896 898
896 899
897 898
897 899
897 900
898 899
898 900
898 901
899 900
899 901
899 902
900 902
900 903
901 902
901 903
901 904
902 903
902 904
902 905
903 904
903 905
903 906
904 905
904 906
904 907
905 906
905 907
905 908
906 907
906 908
906 909
907 908
907 909
907 910
908 909
908 910
908 911
909 911
909 912
910 911
910 912
911 912
911 913
911 914
912 913
912 915
913 916
914 915
914 916
914 917
915 916
915 917
915 918
916 917
916 918
916 919
917 920
918 919
918 920
918 976
919 920
919 921
919 922
920 921
920 923
921 922
921 923
921 924
922 923
922 924
922 925
923 924
923 925
923 926
924 925
924 926
924 927
925 926
925 927
926 927
926 928
926 929
927 928
927 929
927 930
928 929
928 930
928 931
929 931
929 932
930 931
930 932
931 932
931 933
931 934
932 933
932 935
932 961
933 934
933 935
933 936
934 935
934 936
934 937
935 936
935 937
935 938
936 937
936 938
936 939
937 938
937 939
937 940
938 939
938 940
938 941
939 940
939 941
939 942
940 941
940 943
941 942
941 943
941 944
942 944
942 945
943 945
943 946
944 945
944 946
944 947
945 946
945 947
945 948
946 947
946 948
946 949
947 948
947 949
947 950
948 949
948 950
948 951
949 950
949 952
950 951
950 952
950 953
951 952
951 953
951 954
952 953
952 954
952 955
953 955
954 956
954 957
955 956
955 957
956 957
956 958
956 959
957 959
957 960
958 960
958 961
959 960
959 961
959 962
960 961
960 963
960 974
961 963
961 964
962 963
962 964
962 965
963 965
963 966
964 965
964 966
964 967
965 966
965 968
966 967
966 968
966 969
967 968
967 969
967 970
968 969
968 970
968 971
969 970
969 971
969 972
970 971
970 972
970 973
971 972
971 973
971 974
972 973
972 974
972 975
973 974
973 975
973 976
974 975
974 976
974 977
975 976
975 977
975 978
976 977
976 978
976 979
977 978
977 979
977 980
978 979
978 980
978 981
979 980
979 981
979 982
980 981
980 982
980 983
981 982
981 983
982 983
983 984
983 985
983 986
984 985
984 986
985 986
985 987
985 988
986 987
986 988
986 989
987 988
987 989
987 990
988 989
988 990
988 991
989 990
989 991
989 992
990 991
990 992
990 993
991 992
991 993
991 994
992 993
992 994
992 995
993 994
993 995
993 996
994 995
994 997
995 996
995 997
995 998
996 998
996 999
997 998
997 999
998 999
