0 4
0 57
0 74
0 103
0 256
0 524
0 645
0 655
0 761
0 870
0 904
0 932
1 122
1 153
1 499
1 569
1 666
1 866
1 923
1 978
1 983
1 993
2 127
2 148
2 352
2 395
2 410
2 816
2 902
3 65
3 385
3 508
3 773
3 825
3 838
3 876
3 920
4 269
4 410
4 590
5 129
5 166
5 203
5 273
5 394
5 593
5 594
5 621
5 629
5 746
5 817
5 829
5 896
5 910
5 970
6 11
6 93
6 103
6 166
6 231
6 474
6 507
6 677
6 681
7 90
7 144
7 262
7 327
7 578
7 585
7 588
7 672
7 674
7 757
7 792
7 794
7 915
8 27
8 66
8 101
8 183
8 349
8 439
8 444
8 825
9 48
9 525
9 545
9 661
9 762
9 769
9 874
9 891
9 926
10 70
10 74
10 151
10 198
10 346
10 508
10 684
10 700
10 862
10 944
11 58
11 127
11 154
11 215
11 399
11 544
11 731
11 853
11 921
11 963
12 69
12 230
12 290
12 383
12 550
12 660
12 790
12 894
12 932
13 67
13 489
13 531
13 559
13 720
13 745
13 780
13 912
14 85
14 204
14 254
14 311
14 777
15 133
15 359
15 467
15 496
15 569
15 612
15 702
15 726
15 741
15 764
15 952
16 116
16 133
16 158
16 295
16 364
16 561
16 577
16 591
16 592
16 656
16 664
16 797
17 214
17 243
17 361
17 521
17 659
17 679
17 820
17 886
18 121
18 164
18 227
18 285
18 328
18 557
18 641
18 989
19 176
19 280
19 292
19 373
19 380
19 494
19 516
19 542
19 642
19 781
19 920
20 49
20 61
20 137
20 451
20 498
20 510
20 545
20 579
20 637
20 654
20 709
20 784
20 836
20 869
21 145
21 210
21 385
21 627
21 668
21 708
21 709
21 721
21 818
21 927
21 980
21 999
22 110
22 136
22 279
22 292
22 382
22 473
22 573
22 589
22 621
23 188
23 373
23 393
23 600
23 665
23 731
24 76
24 138
24 277
24 282
24 315
24 469
24 490
24 511
24 665
24 687
24 758
24 871
24 873
24 994
25 91
25 497
25 570
25 591
25 729
25 803
25 847
25 927
26 86
26 169
26 198
26 200
26 255
26 277
26 525
26 596
26 619
26 710
26 786
26 812
26 861
26 908
26 953
27 51
27 146
27 424
27 529
27 687
27 702
27 708
27 730
27 797
27 891
27 921
27 962
27 975
28 429
28 450
28 602
28 673
28 750
28 786
28 817
28 913
28 937
29 314
29 371
29 427
29 639
29 713
29 990
30 211
30 314
30 355
30 476
30 482
30 543
30 561
30 654
30 774
30 784
30 866
30 959
31 42
31 430
31 441
31 645
31 726
31 788
31 810
31 814
31 900
31 910
32 42
32 148
32 160
32 188
32 763
32 838
32 883
33 202
33 320
33 440
33 467
33 585
33 609
33 679
33 844
33 980
34 338
34 438
34 468
34 561
34 610
34 773
34 800
35 330
35 556
35 779
35 887
36 60
36 262
36 402
36 448
36 497
36 603
36 677
36 690
36 889
36 939
36 961
37 69
37 100
37 121
37 145
37 159
37 168
37 343
37 561
37 726
37 994
38 60
38 153
38 157
38 163
38 242
38 292
38 316
38 326
38 334
38 466
38 542
38 667
38 753
38 764
38 866
38 878
38 936
39 82
39 205
39 333
39 354
39 405
39 413
39 420
39 541
39 629
39 653
39 700
39 730
39 859
40 103
40 262
40 334
40 382
40 443
40 496
40 546
40 553
40 558
40 612
40 615
40 795
40 840
41 51
41 120
41 246
41 345
41 356
41 728
41 841
41 876
42 49
42 140
42 353
42 661
42 689
42 733
42 759
42 765
42 965
43 168
43 328
43 441
43 446
43 467
43 754
44 62
44 214
44 235
44 392
44 479
44 501
44 651
44 717
44 852
44 892
45 47
45 167
45 504
45 513
45 561
45 605
46 173
46 300
46 310
46 367
46 545
46 599
46 698
46 736
46 797
46 848
46 854
47 124
47 293
47 338
47 348
47 454
47 652
47 659
47 760
47 864
47 905
47 914
47 946
47 997
48 224
48 234
48 335
48 348
48 570
48 988
49 195
49 424
49 460
49 598
49 645
49 843
49 876
49 907
50 75
50 312
50 343
50 773
50 776
50 921
51 92
51 185
51 316
51 485
51 504
51 569
51 692
51 693
51 704
52 165
52 262
52 297
52 357
52 400
52 692
52 703
52 794
52 802
52 838
53 125
53 132
53 133
53 388
53 428
53 497
53 499
53 612
53 655
53 956
53 977
54 82
54 94
54 185
54 287
54 411
54 460
54 496
54 534
54 572
54 686
54 752
54 848
54 905
55 116
55 295
55 459
55 505
55 636
55 662
55 757
55 882
55 924
56 97
56 122
56 164
56 305
56 393
56 426
56 450
56 582
56 584
56 664
56 969
56 996
57 86
57 167
57 536
57 561
57 925
57 927
57 994
58 230
58 429
58 626
58 678
58 811
58 981
58 994
59 68
59 135
59 182
59 222
59 391
59 614
59 655
59 909
59 979
60 102
60 296
60 453
60 548
60 610
60 653
60 665
60 693
60 719
60 757
61 193
61 211
61 282
61 380
61 410
61 567
61 594
61 621
61 950
61 986
62 160
62 317
62 499
62 530
62 623
62 628
62 711
62 751
62 845
62 903
62 991
63 122
63 245
63 272
63 388
63 467
63 472
63 588
63 732
63 893
64 220
64 229
64 327
64 424
64 528
64 715
64 795
64 811
64 825
64 842
65 262
65 318
65 335
65 388
65 409
65 817
65 821
65 876
66 141
66 205
66 299
66 350
66 369
66 522
67 141
67 268
67 343
67 430
67 540
67 716
67 727
67 886
68 88
68 178
68 260
68 349
68 401
68 501
68 503
68 568
68 674
68 694
68 726
68 852
68 883
69 138
69 212
69 260
69 534
69 546
69 565
69 711
69 865
69 930
70 110
70 165
70 205
70 312
70 527
70 603
70 644
70 738
70 871
70 966
70 996
71 89
71 292
71 336
71 356
71 463
71 534
71 750
71 798
71 946
72 98
72 100
72 104
72 200
72 385
72 433
72 498
73 82
73 101
73 110
73 167
73 264
73 325
73 399
73 498
73 502
73 505
73 628
73 717
74 91
74 198
74 213
74 330
74 334
74 338
74 369
74 387
74 705
74 724
74 876
74 888
74 891
74 894
74 956
75 83
75 306
75 338
75 356
75 390
75 418
75 478
75 576
75 594
75 607
75 624
75 723
75 734
75 804
75 820
75 845
75 947
76 103
76 265
76 267
76 366
76 511
76 514
76 679
76 715
76 773
76 974
77 222
77 432
77 485
77 490
77 500
77 644
77 748
78 272
78 810
78 942
79 90
79 200
79 742
79 745
80 108
80 129
80 231
80 245
80 425
80 778
81 247
81 329
81 357
81 421
81 452
81 538
81 696
81 870
82 313
82 458
82 571
82 613
82 645
82 982
83 186
83 194
83 277
83 311
83 375
83 452
83 504
83 758
84 135
84 218
84 470
84 509
84 550
84 606
84 679
85 339
85 344
85 570
85 612
85 613
85 768
86 87
86 99
86 239
86 280
86 384
86 463
86 507
86 552
86 561
86 593
86 629
86 635
86 688
86 693
86 701
86 884
86 916
87 131
87 222
87 233
87 277
87 284
87 430
87 505
87 644
87 802
87 890
87 977
87 986
88 257
88 384
88 439
88 701
88 754
89 302
89 371
89 632
89 645
89 688
89 703
89 845
89 878
89 931
90 142
90 172
90 209
90 233
90 270
90 551
90 594
90 670
90 918
91 170
91 227
91 307
91 319
91 336
91 342
91 476
91 676
91 683
91 709
91 763
92 202
92 245
92 269
92 293
92 339
92 523
92 535
92 915
93 165
93 171
93 219
93 268
93 479
93 525
93 630
93 647
93 745
93 947
93 983
94 109
94 142
94 164
94 173
94 312
94 427
94 470
94 491
94 522
94 565
94 773
94 779
94 820
94 935
95 216
95 353
95 525
95 655
95 682
95 704
95 784
95 931
96 106
96 112
96 178
96 457
96 526
96 783
96 841
97 324
97 380
97 440
97 487
97 651
97 768
98 169
98 239
98 319
98 329
98 480
98 580
98 702
98 860
98 923
99 195
99 215
99 238
99 243
99 384
99 392
99 422
99 708
99 843
99 858
100 101
100 208
100 338
100 465
100 513
100 535
100 648
100 660
100 689
100 708
100 799
100 912
100 983
101 177
101 181
101 317
101 346
101 446
101 453
101 476
101 500
101 723
101 842
101 854
101 968
102 162
102 195
102 203
102 210
102 400
102 401
102 410
102 421
102 475
102 535
102 579
102 656
102 949
103 125
103 133
103 206
103 223
103 527
103 572
103 866
103 900
103 939
103 990
104 149
104 171
104 351
104 385
104 443
104 647
104 768
104 861
104 900
104 940
105 195
105 308
105 480
105 495
105 572
105 578
105 683
105 712
105 713
105 795
105 916
105 988
106 163
106 354
106 361
106 394
106 463
106 820
107 295
107 328
107 380
107 553
108 140
108 142
108 190
108 238
108 246
108 344
108 368
108 563
108 599
108 704
108 902
108 906
108 971
108 982
109 140
109 146
109 470
109 633
109 650
109 684
109 803
109 838
109 915
110 211
110 218
110 286
110 329
110 428
110 754
111 471
111 611
111 624
111 662
111 836
111 887
112 143
112 415
112 518
112 654
112 730
112 755
112 902
113 153
113 170
113 183
113 407
113 417
113 427
113 545
113 581
113 596
113 665
113 860
114 325
114 709
114 828
114 862
115 296
115 332
115 402
115 595
115 600
115 643
115 710
115 766
115 845
115 944
115 991
116 179
116 304
116 488
116 493
116 686
116 802
116 926
116 949
117 405
117 626
117 919
117 957
118 181
118 250
118 316
118 351
118 411
118 436
118 575
118 666
118 706
118 917
118 994
118 999
119 400
119 537
119 898
119 909
120 355
120 449
120 586
120 593
120 692
120 767
120 830
120 936
120 969
120 986
121 169
121 260
121 266
121 286
121 304
121 413
121 593
121 619
121 628
121 631
121 863
121 925
121 967
122 127
122 347
122 355
122 485
122 516
122 565
122 594
122 782
122 929
123 180
123 238
123 269
123 342
123 633
123 701
123 710
123 953
124 152
124 178
124 252
124 385
124 437
124 611
124 702
124 707
124 861
125 144
125 183
125 253
125 285
125 408
125 562
125 659
125 758
125 782
125 857
125 989
126 159
126 267
126 329
126 333
126 410
126 507
126 544
126 587
126 745
127 288
127 377
127 384
127 385
127 406
127 407
127 628
127 653
127 701
127 706
127 821
127 925
128 301
128 448
128 509
128 566
128 618
128 723
128 915
128 943
129 131
129 160
129 198
129 218
129 340
129 472
129 597
129 606
129 837
129 916
129 918
130 172
130 246
130 267
130 472
130 778
130 841
130 920
131 220
131 223
131 258
131 277
131 336
131 380
131 466
131 485
131 500
131 535
131 579
131 615
131 879
131 902
132 146
132 158
132 250
132 347
132 405
132 418
132 675
132 775
132 868
133 136
133 137
133 183
133 257
133 392
133 547
133 634
133 697
133 787
133 798
133 942
134 180
134 199
134 259
134 405
134 410
134 423
134 515
134 550
134 618
134 710
134 857
134 887
134 891
135 367
135 488
135 599
135 625
135 851
135 867
135 915
136 323
136 383
136 386
136 608
136 631
136 908
136 983
137 171
137 250
137 253
137 521
137 581
137 661
137 669
137 686
137 955
138 153
138 259
138 332
138 416
138 461
138 478
138 584
138 682
138 708
138 853
139 360
139 417
139 426
139 590
139 673
139 863
140 397
140 452
140 770
140 800
140 819
140 876
140 895
140 903
141 210
141 298
141 304
141 310
141 330
141 406
141 440
141 465
141 562
141 575
141 611
141 759
141 821
142 727
142 747
142 830
142 856
143 258
143 273
143 393
143 401
143 484
143 566
143 726
143 776
143 823
143 891
143 912
144 147
144 249
144 422
144 485
144 869
144 874
144 905
145 149
145 300
145 357
145 367
145 369
145 386
145 396
145 706
145 984
145 990
146 164
146 258
146 379
146 430
146 464
146 480
146 591
146 716
146 736
146 768
146 799
146 962
147 228
147 268
147 320
147 474
147 644
147 650
147 659
147 735
147 751
147 938
148 223
148 274
148 280
148 398
148 471
148 554
148 775
148 810
148 893
149 189
149 345
149 416
149 467
149 638
150 230
150 330
150 389
150 497
150 549
150 702
150 728
150 866
151 211
151 412
151 540
151 549
151 596
151 635
151 726
151 747
151 805
152 231
152 243
152 247
152 391
152 494
152 695
153 172
153 234
153 276
153 401
153 456
153 623
153 651
153 653
153 749
153 769
153 785
153 936
153 957
154 161
154 277
154 279
154 289
154 396
154 626
154 739
154 867
154 953
155 293
155 306
155 380
155 434
155 621
155 632
155 668
155 691
155 696
155 785
155 803
156 269
156 459
156 479
156 652
157 162
157 290
157 329
157 337
157 568
157 650
157 727
157 791
157 947
158 180
158 259
158 347
158 511
158 630
158 843
158 988
159 327
159 459
159 474
159 611
159 613
159 700
159 833
159 862
160 353
160 658
160 659
160 788
160 799
160 839
160 896
161 184
161 394
161 521
161 627
161 654
161 669
161 774
161 908
161 979
162 163
162 261
162 358
162 580
162 583
162 803
163 255
163 346
163 503
163 630
163 768
163 807
163 817
163 840
163 907
164 381
164 599
164 758
164 764
164 814
165 182
165 330
165 413
165 426
165 539
165 543
165 605
165 635
165 661
165 739
165 742
165 834
165 872
166 250
166 408
166 414
166 479
166 598
166 687
167 192
167 275
167 709
168 225
168 300
168 355
168 632
168 700
168 727
168 758
168 861
168 875
168 882
168 915
168 924
169 234
169 273
169 348
169 430
169 477
169 515
169 540
169 629
169 723
169 784
169 830
169 864
169 912
170 457
170 542
170 564
170 730
170 774
170 827
170 884
171 229
171 274
171 520
171 594
171 595
171 845
171 874
172 340
172 414
172 502
172 755
172 884
172 908
172 948
172 951
172 979
173 994
174 246
174 293
174 403
174 434
174 493
174 561
174 810
175 495
175 535
175 545
175 561
175 578
175 760
175 844
175 994
176 262
176 433
176 555
176 716
176 915
177 349
177 354
177 384
177 400
177 568
177 573
177 800
177 868
177 887
178 340
178 373
178 412
178 623
178 694
178 733
178 807
178 932
179 213
179 434
179 456
179 479
179 491
179 550
179 657
179 974
180 204
180 389
180 459
180 680
180 921
180 944
180 982
181 233
181 277
181 346
181 360
181 417
182 205
182 319
182 348
182 423
182 477
182 506
182 527
182 576
182 670
182 784
182 799
182 802
182 998
183 229
183 371
183 392
183 533
183 560
183 614
183 667
183 701
183 702
183 903
183 916
183 929
183 995
184 460
184 507
184 516
184 855
184 965
184 994
185 193
185 216
185 270
185 550
185 582
185 610
185 693
185 763
185 852
185 986
186 543
186 609
186 722
186 782
186 870
186 874
187 208
187 364
187 501
187 505
187 577
187 612
187 703
187 708
187 757
187 833
187 908
187 938
187 983
188 351
188 435
188 633
188 651
188 734
188 763
188 777
189 218
189 233
189 380
189 414
189 442
189 474
189 599
189 790
189 800
189 801
189 928
190 281
190 444
190 547
190 593
190 699
190 845
191 258
191 370
191 460
191 480
191 483
191 621
191 653
191 907
192 207
192 324
192 437
192 583
192 616
192 874
193 496
193 592
193 679
193 777
193 778
193 846
193 907
194 794
194 861
194 932
195 260
195 284
195 634
195 646
195 654
195 711
195 803
195 981
196 208
196 212
196 375
196 426
196 486
196 544
196 622
196 661
196 745
196 748
196 925
196 953
197 228
197 512
197 535
197 547
197 628
197 659
197 728
197 954
197 971
198 335
198 493
198 515
198 532
198 540
199 214
199 536
199 603
199 628
199 677
199 681
199 718
199 961
200 288
200 392
200 493
200 510
200 629
200 735
200 756
200 840
200 869
201 611
201 628
201 686
201 754
201 807
201 812
202 220
202 473
202 638
202 663
202 726
202 810
202 891
202 900
202 965
203 217
203 353
203 459
203 493
203 519
203 756
203 808
203 830
203 843
203 890
203 929
203 940
203 964
204 246
204 255
204 562
205 243
205 305
205 329
205 339
205 383
205 656
205 943
205 987
205 999
206 464
206 485
206 550
206 694
206 759
206 782
206 898
207 327
207 391
207 424
207 530
207 536
207 599
207 622
207 636
207 777
207 814
208 242
208 297
208 342
208 345
208 408
208 476
208 529
208 814
208 825
209 365
209 440
209 447
209 456
209 633
209 843
209 888
209 895
209 954
210 216
210 257
210 343
210 349
210 697
210 764
210 830
210 878
210 942
211 214
211 286
211 289
211 358
211 362
211 438
211 468
211 767
211 876
211 879
211 937
212 226
212 237
212 343
212 650
212 781
212 906
212 971
213 229
213 478
213 526
213 657
213 733
213 829
214 475
214 573
214 599
214 601
214 655
214 785
214 807
215 248
215 367
215 383
215 395
215 472
215 579
215 592
215 678
215 771
215 780
215 945
216 407
216 418
216 570
216 605
217 267
217 273
217 479
217 495
217 836
217 919
218 283
218 306
218 612
218 938
218 965
219 393
219 420
219 454
219 529
219 587
219 588
219 625
219 773
219 912
219 952
219 981
220 296
220 304
220 312
220 383
220 443
220 484
220 820
220 897
221 283
221 327
221 332
221 522
221 643
221 743
221 778
221 877
221 974
222 252
222 370
222 393
222 980
223 375
223 603
223 615
223 778
223 815
223 922
223 988
224 254
224 365
224 419
224 441
224 519
224 636
224 963
225 357
225 392
225 450
225 508
225 528
225 533
225 561
225 653
225 778
225 836
225 851
225 934
226 565
226 695
227 339
227 565
227 719
227 918
227 930
228 239
228 314
228 339
228 356
228 360
228 373
228 486
228 521
228 666
228 704
228 925
229 267
229 305
229 321
229 386
229 426
229 433
229 757
229 775
229 813
229 992
230 347
230 464
230 483
230 574
230 626
230 704
230 818
230 956
231 323
231 410
231 606
231 724
231 830
231 939
232 249
232 253
232 285
232 318
232 361
232 561
232 627
232 682
232 686
232 749
232 897
232 943
233 282
233 614
233 625
233 671
233 950
234 273
234 340
234 344
234 351
234 374
234 509
234 529
234 616
235 263
235 374
235 490
235 518
235 608
235 658
235 810
235 858
236 487
236 731
236 855
236 866
236 912
236 993
237 246
237 348
237 377
237 575
237 756
237 846
237 907
237 954
237 962
238 271
238 318
238 352
238 450
238 628
238 649
238 707
238 769
238 870
238 873
238 951
238 997
239 241
239 260
239 351
239 466
239 722
239 842
239 969
240 433
240 444
240 484
240 619
240 652
240 698
240 894
241 250
241 327
241 371
241 401
241 438
241 443
241 523
241 669
241 733
241 752
241 798
241 813
241 915
242 308
242 374
242 501
242 666
242 696
242 854
242 922
243 300
243 352
243 372
243 547
243 824
243 895
243 907
243 943
244 306
244 409
244 572
244 757
244 851
245 246
245 248
245 312
245 756
245 842
245 956
246 327
246 353
246 571
246 596
246 632
246 675
246 698
246 759
247 249
247 356
247 473
247 490
247 783
247 865
248 299
248 326
248 355
248 432
248 444
248 608
248 665
248 815
248 873
249 354
249 421
249 424
249 622
249 707
249 804
250 268
250 272
250 346
250 528
250 609
250 656
250 719
250 829
250 870
251 278
251 381
251 509
251 564
251 854
251 987
252 294
252 422
252 487
252 540
252 547
252 579
252 707
252 770
252 824
252 844
252 947
252 948
253 398
253 455
253 713
253 749
253 949
253 978
253 994
253 995
254 270
254 382
254 472
254 474
254 554
254 566
254 573
254 744
254 753
254 928
255 314
255 484
255 522
255 573
255 609
255 798
255 906
255 940
256 301
256 385
256 459
256 464
256 673
256 885
257 374
257 399
257 509
257 585
257 641
257 791
257 890
258 412
258 715
258 895
259 665
259 720
259 883
259 958
260 416
260 525
260 572
260 791
260 900
260 953
260 983
261 385
261 401
261 594
261 642
261 712
261 814
261 827
261 846
261 943
262 383
262 638
262 842
262 857
262 943
263 388
263 424
263 477
263 549
263 550
263 732
263 742
263 978
264 317
264 447
264 473
264 609
264 708
264 731
264 847
264 855
264 956
265 395
265 477
265 486
265 528
265 638
265 716
265 757
265 845
265 892
265 943
265 959
265 970
265 987
266 317
266 318
266 372
266 419
266 477
266 697
266 929
266 953
267 275
267 318
267 355
267 561
267 639
267 642
267 652
267 709
267 718
267 721
267 733
267 842
267 916
267 930
267 947
268 454
268 543
268 592
268 767
268 853
269 279
269 283
269 762
269 850
270 290
270 397
270 477
270 694
270 735
270 898
270 977
271 282
271 287
271 349
271 791
271 977
271 995
272 315
272 411
272 497
272 546
272 588
272 675
272 757
272 898
273 285
273 323
273 443
273 614
273 626
273 939
273 999
274 286
274 374
274 458
274 524
274 687
274 884
274 995
275 305
275 534
275 895
276 382
276 387
276 651
276 697
276 813
276 823
276 890
277 298
277 403
277 592
277 675
277 756
277 768
277 770
277 907
277 918
278 328
278 390
278 567
278 658
278 825
279 328
279 477
279 478
279 522
279 661
279 746
280 480
280 515
280 613
280 691
280 761
280 784
280 831
280 915
280 945
281 341
281 392
281 451
281 723
281 862
281 967
282 383
282 466
282 543
282 670
282 767
282 814
282 840
282 961
283 367
283 473
283 634
283 691
283 699
283 732
283 848
284 308
284 351
284 405
284 504
284 552
284 681
284 713
284 840
285 405
285 415
285 574
285 647
285 844
285 996
286 334
286 355
286 414
286 432
286 458
286 504
286 513
286 570
286 590
286 600
286 853
286 871
287 376
287 667
287 698
287 881
288 410
288 436
288 602
288 666
288 676
288 772
288 785
288 938
289 393
289 510
289 565
289 577
289 626
289 671
289 694
289 786
289 822
289 834
289 913
290 310
290 466
290 816
290 826
290 859
290 933
291 361
291 475
291 482
291 564
291 950
291 975
292 379
292 525
292 685
292 770
292 791
293 369
293 373
293 489
293 588
293 711
293 805
293 825
293 847
293 859
293 907
293 928
293 985
294 297
294 320
294 464
294 472
294 541
294 617
294 824
294 889
295 581
295 821
296 321
296 338
296 409
296 545
296 591
296 681
296 682
296 726
296 924
296 925
296 951
297 618
297 965
298 354
298 436
298 483
298 505
298 563
298 585
298 771
299 425
299 507
299 534
299 629
299 673
299 787
299 828
299 856
299 892
299 949
300 396
300 662
300 703
300 734
300 776
300 808
301 397
301 488
301 532
301 555
301 733
301 872
301 920
301 965
302 345
302 354
302 587
302 670
302 914
302 937
302 961
303 343
303 512
303 664
303 730
303 765
303 979
304 350
304 603
304 786
304 902
305 354
305 491
305 502
305 523
305 648
305 674
305 790
305 834
305 911
305 929
305 937
306 459
306 501
306 594
306 617
306 683
306 937
306 962
307 314
307 337
307 430
307 468
307 524
307 646
307 654
307 736
307 884
307 948
307 987
307 988
308 342
308 378
308 449
308 620
309 397
309 441
309 482
309 693
309 803
309 996
310 386
310 401
310 454
310 485
310 500
310 620
310 765
310 770
310 771
310 825
310 927
311 406
311 479
311 502
311 585
311 595
311 702
311 835
311 908
311 968
312 401
312 409
312 520
312 533
312 555
312 572
312 799
312 812
312 844
312 862
312 896
312 910
312 959
312 992
313 473
313 508
313 710
313 715
313 843
313 961
314 327
314 402
314 423
314 585
314 598
314 721
314 790
314 833
315 330
315 548
315 561
315 732
315 987
316 367
316 402
316 418
316 443
316 454
316 492
316 641
316 731
316 860
316 968
317 322
317 369
317 531
317 635
317 710
317 730
317 733
317 814
317 883
318 320
318 334
318 399
318 526
318 565
318 584
318 833
318 982
319 333
319 342
319 392
319 470
319 540
319 605
319 784
319 788
320 340
320 395
320 415
320 430
320 492
320 651
320 656
320 751
320 838
321 449
321 485
321 624
321 670
321 722
321 775
321 863
322 362
322 551
322 747
322 850
322 892
322 934
323 417
323 472
323 605
323 634
323 656
323 665
323 673
323 691
324 380
324 391
324 536
324 686
324 948
325 519
325 546
325 612
325 647
325 648
325 772
325 796
325 857
325 874
325 944
325 992
326 465
326 661
326 759
327 375
327 409
327 445
327 498
327 517
327 542
327 551
327 784
327 853
328 454
328 542
328 547
328 746
329 460
329 474
329 529
329 743
329 770
329 914
329 917
329 931
330 417
330 483
330 515
330 623
330 748
330 856
330 969
331 401
331 457
331 701
331 769
331 870
331 881
331 885
332 432
332 467
332 668
332 723
332 770
332 825
332 856
332 936
332 937
333 446
333 498
333 615
333 618
333 657
333 733
333 861
333 874
333 979
334 583
334 612
334 718
334 975
335 370
335 449
335 461
335 669
335 720
335 747
335 794
335 798
335 909
336 442
336 461
336 569
336 647
336 681
336 738
336 996
337 834
337 858
337 983
338 567
338 753
338 831
338 855
338 968
339 367
339 437
339 457
339 542
339 669
339 926
339 940
341 413
341 745
341 788
341 808
341 954
342 579
342 630
342 691
342 774
342 783
342 821
343 352
343 615
343 758
343 804
343 881
343 924
343 925
344 380
344 382
344 388
344 722
344 775
344 792
344 794
344 810
344 936
344 957
344 996
345 358
345 454
345 539
345 598
345 873
345 894
346 416
346 479
346 532
346 588
346 746
346 808
347 388
347 530
347 574
347 600
347 827
347 905
347 924
347 961
348 394
348 446
348 451
348 532
348 677
348 885
348 921
348 930
348 982
349 369
349 457
349 530
349 665
349 806
349 838
349 908
349 961
350 468
350 716
350 780
350 828
351 353
351 387
351 407
351 509
351 544
351 751
351 882
352 464
352 474
352 649
352 804
352 855
352 867
352 891
353 404
353 469
353 622
353 769
353 818
353 824
353 940
354 411
354 428
354 462
354 707
354 837
354 849
354 898
354 910
354 989
355 529
355 539
355 600
355 605
355 658
355 735
355 747
355 968
356 540
356 591
356 710
356 805
356 809
356 820
356 853
356 854
356 904
357 609
357 612
357 648
357 663
357 744
357 937
358 386
358 506
358 584
359 362
359 376
359 481
359 520
359 626
359 694
360 381
360 452
360 564
360 638
360 703
360 733
360 771
360 830
360 845
361 362
361 577
361 678
361 768
361 995
362 386
362 558
362 686
362 707
362 721
363 393
363 418
363 481
363 549
363 572
363 767
363 961
364 684
364 764
364 806
364 896
364 974
365 605
365 619
365 627
365 642
365 757
365 793
365 953
366 468
366 576
366 650
366 679
366 718
366 961
367 418
367 498
367 534
367 655
367 709
367 717
367 785
367 787
367 926
368 378
368 452
368 492
368 556
368 599
368 617
368 627
368 657
368 745
368 776
368 821
368 852
368 886
368 945
368 950
369 443
369 500
369 560
369 582
369 712
369 971
370 403
370 514
370 526
370 585
370 829
370 901
370 994
371 380
371 533
371 614
371 641
371 730
371 734
371 756
371 934
371 980
372 505
372 588
372 892
372 906
372 913
372 953
373 494
373 496
373 781
373 869
373 939
374 423
374 518
374 737
374 757
374 842
374 928
375 557
375 676
375 768
375 809
375 992
376 541
376 548
376 704
376 796
377 415
377 425
377 644
377 765
377 796
377 884
377 968
377 983
378 417
378 536
378 678
378 817
379 507
379 847
380 518
380 544
380 930
381 434
381 460
381 577
381 989
382 422
382 740
383 498
383 588
383 747
383 761
383 887
383 930
384 503
384 527
384 530
384 832
384 888
384 947
385 432
385 524
385 708
385 733
385 797
385 833
385 882
385 891
385 920
386 560
386 776
386 912
386 990
387 438
387 550
387 579
387 635
387 707
387 921
387 952
388 486
388 717
388 853
389 432
389 449
389 640
389 681
389 726
389 866
389 925
389 967
390 427
390 510
390 595
390 597
390 729
390 854
390 906
390 937
391 406
391 427
391 451
391 575
391 699
391 769
391 812
391 986
391 996
392 603
392 629
392 654
392 671
392 692
392 816
392 855
392 906
392 938
392 953
392 977
393 437
393 679
393 741
393 800
393 801
393 926
394 397
394 427
394 492
394 590
394 673
394 790
394 810
394 872
394 892
394 970
394 974
395 410
395 445
395 567
395 602
395 603
395 672
395 791
395 819
395 844
396 457
396 462
396 508
396 520
396 665
397 597
397 811
398 437
398 458
398 522
398 818
398 842
398 858
398 918
399 440
399 639
399 793
399 799
399 862
399 958
400 437
400 605
400 960
400 999
401 623
401 752
401 766
401 859
401 910
401 971
402 528
402 691
402 758
403 466
403 619
403 620
403 623
403 708
403 736
403 961
404 461
404 462
404 539
404 719
404 723
404 834
404 838
404 920
405 674
405 810
405 818
405 897
405 977
406 505
406 741
406 807
406 877
406 929
407 676
407 746
407 989
408 534
408 567
408 600
408 679
408 939
408 948
408 998
409 444
409 500
409 634
409 758
409 915
410 554
411 484
411 565
411 679
411 742
411 760
411 823
411 931
412 420
412 423
412 637
412 729
412 757
412 763
413 453
413 482
413 619
413 723
413 818
413 842
413 892
413 941
414 421
414 562
414 614
414 801
414 870
415 558
415 586
415 870
415 937
416 471
416 712
416 993
417 552
417 556
417 583
417 609
417 633
417 775
417 896
417 904
418 558
418 785
418 811
418 856
418 876
418 892
418 931
419 424
419 486
419 670
419 731
419 802
419 816
419 843
419 892
419 961
420 499
420 521
420 536
420 715
420 815
420 942
421 440
421 536
421 540
421 591
421 863
422 463
422 498
422 594
422 996
423 539
423 673
423 766
423 897
424 432
424 457
424 496
424 658
424 803
424 812
424 843
424 900
424 932
424 941
425 576
425 613
425 765
425 801
425 842
425 881
426 449
426 550
426 646
426 727
426 965
427 440
427 571
427 797
427 820
427 856
427 914
427 918
428 436
428 463
428 479
428 537
428 554
428 580
428 631
428 680
428 722
428 778
428 897
428 935
428 964
429 430
429 586
429 639
429 698
429 764
429 810
429 887
429 905
430 565
430 586
430 602
430 650
430 681
430 917
430 929
430 952
431 543
431 584
431 811
431 851
431 906
432 535
432 597
432 836
432 860
432 880
433 561
433 565
433 715
433 737
433 771
433 815
434 474
434 606
434 658
434 665
434 807
434 914
434 987
435 673
435 679
435 706
435 846
435 928
435 954
436 486
436 520
436 619
436 624
436 681
436 788
436 839
437 470
437 556
437 617
437 637
437 670
438 496
438 643
438 773
438 796
438 921
438 988
439 662
439 775
439 874
439 892
439 899
439 944
439 950
440 666
440 682
440 729
440 863
440 939
441 747
441 792
442 527
442 529
442 824
443 490
443 613
443 622
443 661
443 691
443 770
443 847
443 961
444 448
444 479
444 973
445 490
445 668
445 771
445 775
445 887
446 809
447 494
447 497
447 637
447 745
447 761
447 769
448 576
448 615
448 642
448 755
448 828
448 945
448 977
448 985
449 656
449 751
449 794
450 498
450 516
450 638
450 670
450 735
451 515
451 619
451 689
451 792
451 911
451 933
452 511
452 530
452 588
452 610
452 741
452 882
453 475
453 525
453 566
453 633
453 794
453 796
453 797
453 847
453 875
454 480
454 853
455 478
455 792
455 824
455 836
455 933
456 552
456 877
457 597
457 809
457 818
458 484
458 539
458 564
458 653
458 709
458 843
459 493
459 515
459 581
459 773
459 807
459 939
459 977
460 472
460 688
460 779
460 822
460 860
460 993
460 997
461 470
461 547
461 808
461 827
461 916
461 930
461 947
462 955
463 588
463 676
463 716
463 843
463 916
463 948
464 502
464 718
464 815
464 874
465 491
465 539
465 641
465 648
465 726
465 919
466 503
466 588
466 591
466 801
466 827
467 819
467 836
467 917
467 957
468 478
468 495
468 740
468 741
468 806
468 875
468 901
469 665
469 851
470 497
470 514
470 602
470 685
470 687
470 713
470 783
470 849
470 855
470 949
470 997
471 567
471 718
471 945
472 480
472 695
472 963
473 513
473 590
473 601
473 651
473 706
473 745
473 770
473 816
474 685
474 823
474 845
474 852
474 963
475 515
475 576
475 639
475 716
475 883
476 517
476 556
476 589
476 620
476 840
476 915
477 491
477 505
477 557
477 678
477 919
478 658
478 694
478 749
478 949
479 548
479 634
479 745
479 872
480 611
480 732
480 806
480 868
481 535
481 763
481 970
482 500
482 609
482 673
482 716
482 789
482 914
482 933
482 983
483 586
483 963
483 967
484 507
484 982
485 516
485 617
485 713
485 753
485 763
485 787
485 863
485 922
486 546
486 610
486 651
486 747
486 756
486 862
486 989
488 721
488 918
488 952
489 636
489 680
489 771
489 976
490 543
490 603
490 605
490 644
490 670
490 676
490 803
490 849
490 858
491 631
491 821
491 869
491 885
491 929
492 670
492 730
492 935
492 988
493 528
493 546
493 549
493 650
493 812
493 942
494 607
494 683
494 709
494 933
494 956
494 994
495 539
495 794
495 875
495 987
496 510
496 587
496 746
496 842
497 509
497 555
497 610
497 740
497 815
497 936
498 534
498 571
498 623
498 657
498 759
498 979
499 545
499 562
499 645
499 718
499 732
499 749
499 777
499 795
499 816
499 820
499 881
499 903
499 999
500 620
501 515
501 526
501 540
501 622
501 652
501 668
501 706
501 726
501 762
501 830
501 866
501 886
501 920
501 926
502 507
502 511
502 549
502 671
502 794
502 883
502 916
503 568
503 616
503 617
503 664
503 679
503 707
503 791
503 818
503 867
503 910
504 571
504 624
504 655
504 677
504 678
504 762
504 946
505 638
505 651
505 763
505 841
505 925
506 541
506 564
506 754
506 790
506 856
507 560
507 608
507 619
507 854
507 876
507 969
508 630
508 771
508 785
508 882
508 884
509 536
509 543
509 610
509 690
509 729
509 731
509 793
509 801
509 882
509 960
510 606
510 681
510 735
510 850
510 870
510 934
511 532
511 705
511 779
511 811
511 819
511 950
511 975
512 543
512 623
512 814
512 920
513 541
513 559
513 658
513 821
513 822
513 891
514 555
514 582
514 689
514 704
514 714
514 804
514 930
514 995
515 728
515 794
515 814
515 932
515 945
516 679
516 680
516 780
516 796
516 926
516 960
517 605
517 627
517 810
517 990
518 591
518 592
518 781
518 874
519 560
519 599
519 656
519 674
519 680
519 758
519 788
519 835
519 979
520 592
520 846
520 854
521 543
521 813
521 836
522 548
522 602
522 769
522 814
522 835
522 991
523 706
523 737
523 993
524 570
524 651
524 954
525 539
525 625
525 635
525 756
525 785
525 953
526 912
526 922
526 972
527 661
527 725
527 740
527 777
527 860
527 870
527 915
528 642
528 739
528 783
528 861
528 900
528 953
528 959
529 593
529 658
529 679
529 742
529 865
529 886
529 919
529 948
530 722
530 956
530 972
531 586
531 845
531 979
531 980
532 588
532 647
532 662
532 695
532 717
532 765
532 802
532 895
532 975
533 623
533 750
533 839
533 859
534 542
534 544
534 829
534 878
534 993
535 650
535 752
535 755
536 542
536 697
537 554
537 583
537 596
537 606
537 635
537 670
537 811
537 893
538 881
538 935
538 983
539 621
539 687
539 936
540 551
540 907
541 751
541 808
541 919
541 950
541 973
542 726
543 565
543 807
544 597
544 866
545 605
545 808
546 629
546 683
546 766
546 839
546 867
546 905
546 936
547 942
548 659
548 708
548 709
548 846
548 978
549 566
549 665
549 673
549 709
549 719
549 780
549 889
549 936
550 777
551 608
551 619
551 665
551 982
552 556
552 716
553 607
553 609
553 623
553 656
553 937
554 616
554 813
554 822
554 911
554 925
555 634
555 695
555 737
555 771
555 830
556 610
556 645
556 678
556 716
556 942
557 614
557 657
557 676
557 799
557 877
557 901
558 706
558 886
559 654
559 754
559 838
559 884
559 981
559 988
560 827
560 928
561 627
561 776
561 924
562 718
563 570
563 606
563 761
564 661
564 674
564 755
564 761
564 889
564 948
565 627
565 651
565 782
565 818
566 813
566 943
567 637
567 718
567 983
567 996
568 699
568 780
568 849
568 922
568 925
569 756
569 814
569 827
570 611
570 722
570 842
570 953
570 959
570 990
571 603
571 669
571 725
571 737
571 903
571 990
572 604
572 789
572 879
573 584
573 982
574 639
574 646
574 656
574 665
574 700
574 749
574 910
575 739
575 777
575 781
576 702
576 770
576 834
576 878
577 638
577 657
577 678
577 719
577 720
577 760
577 855
577 866
577 873
578 641
578 667
578 690
578 962
579 602
579 953
580 662
580 691
580 875
580 935
580 980
581 642
581 825
581 848
582 889
582 927
582 952
582 970
583 729
583 810
583 854
583 895
583 908
584 908
584 930
584 978
585 629
585 837
586 595
586 686
586 793
586 817
586 854
586 943
586 970
587 593
587 710
587 887
587 916
588 667
588 931
589 608
589 801
589 973
590 596
590 610
590 626
590 826
590 997
591 637
591 810
591 893
592 690
592 712
592 777
592 919
592 932
593 608
593 751
593 833
593 893
593 984
594 619
594 660
594 694
595 640
595 797
595 897
596 697
596 715
596 779
596 901
596 978
597 668
597 669
597 914
598 698
598 728
598 770
598 840
598 935
598 997
599 670
599 693
599 860
599 947
600 685
600 713
600 754
600 786
600 909
600 931
601 629
601 667
601 862
601 945
601 984
602 665
602 956
603 793
603 918
603 932
604 656
604 723
604 883
604 910
605 685
605 788
605 796
605 872
605 933
605 954
606 631
606 737
606 988
607 722
607 737
607 951
607 985
608 873
608 967
609 631
609 707
609 784
609 877
609 945
609 981
610 829
610 952
610 974
611 668
611 669
611 742
611 833
612 617
612 666
612 756
612 779
612 849
612 918
613 645
613 714
613 770
613 819
613 823
613 843
613 953
614 859
614 909
615 859
615 874
615 939
616 629
616 679
616 741
616 774
616 839
616 855
616 874
617 742
618 641
618 665
618 812
619 677
619 700
619 810
619 836
619 967
620 799
620 948
621 784
621 972
622 643
622 690
622 769
622 867
622 893
622 927
623 852
623 988
624 705
624 773
624 873
624 878
625 701
625 728
625 840
625 928
626 628
626 698
626 794
626 989
626 996
627 631
627 743
627 756
627 768
627 872
627 926
627 948
628 644
628 662
628 820
628 824
628 891
628 977
629 873
629 955
630 805
630 904
631 643
631 670
631 870
631 961
632 703
632 846
632 878
633 648
633 771
633 930
634 803
634 865
634 910
635 908
636 772
636 831
636 859
636 885
637 660
637 727
638 756
638 834
638 962
639 706
639 780
639 898
639 928
640 822
641 786
641 825
642 757
642 843
642 990
643 753
643 916
644 807
644 970
645 674
645 852
646 742
646 773
646 863
647 654
647 700
647 860
648 662
648 801
648 912
649 709
649 718
649 761
649 807
649 896
649 937
649 950
649 952
650 738
650 794
650 854
650 885
650 921
651 791
651 864
651 868
651 920
651 926
651 958
652 760
652 774
652 889
652 919
653 697
653 727
653 813
653 888
653 953
654 667
654 994
655 716
655 913
655 932
655 949
656 746
656 815
656 819
656 942
656 966
656 970
656 984
656 998
657 658
657 693
657 712
657 786
657 802
657 878
657 911
658 882
658 992
658 996
659 674
659 754
659 825
659 838
659 948
660 771
660 889
661 728
662 710
663 783
663 991
664 673
664 794
664 869
664 890
664 925
665 706
665 800
665 816
665 821
665 850
665 967
665 974
667 796
668 672
668 731
668 860
668 889
668 966
669 740
669 794
670 691
670 785
671 673
671 918
671 993
672 743
672 776
672 853
673 965
674 924
675 699
675 845
675 926
676 721
676 807
676 846
676 890
677 678
677 682
677 877
678 831
678 898
678 919
678 928
679 737
679 742
679 804
679 826
679 857
680 710
680 734
680 788
680 960
681 688
681 758
681 881
681 943
681 946
681 957
681 958
681 968
682 909
682 944
683 785
683 946
683 991
684 685
684 692
684 859
684 915
684 996
685 827
685 909
686 715
686 852
686 904
686 953
687 727
688 727
688 895
689 859
690 730
690 775
690 968
691 720
691 722
691 838
691 839
691 880
692 840
692 914
693 874
693 965
695 718
695 734
695 749
695 814
695 891
695 945
695 973
696 740
696 770
696 831
696 944
697 705
697 754
697 778
697 919
698 753
698 785
698 837
698 920
698 939
698 954
698 983
699 762
699 919
699 962
699 969
699 976
700 957
701 702
701 797
701 908
702 706
702 776
702 793
702 989
703 970
705 819
706 947
707 823
707 840
707 963
708 820
708 824
708 850
708 871
708 947
709 727
709 872
709 950
710 834
710 920
710 934
711 780
711 840
711 871
711 926
711 955
711 983
712 824
712 878
714 891
714 982
715 729
715 744
717 763
717 867
717 869
717 993
718 836
719 806
719 839
719 858
719 991
720 740
720 766
720 786
720 787
720 857
720 939
720 950
721 730
721 965
722 728
722 734
722 765
722 783
722 867
722 959
723 815
725 774
725 811
725 835
725 916
726 819
726 835
726 957
728 852
729 778
729 888
729 954
730 835
730 976
731 849
732 763
732 879
732 885
732 975
733 739
733 797
733 841
733 909
734 883
735 783
735 831
735 964
736 792
736 845
736 905
737 752
737 798
737 802
737 842
738 792
738 981
739 982
740 798
740 918
741 786
741 823
741 912
742 881
742 943
742 962
743 907
743 936
743 970
744 748
744 810
744 912
744 952
745 926
745 973
746 795
746 904
746 953
747 749
747 823
747 833
747 883
748 898
748 941
749 817
749 948
750 751
750 756
750 869
750 911
750 931
750 999
751 881
751 939
752 942
753 893
753 924
754 812
754 838
754 888
755 923
756 810
756 868
756 919
757 824
757 865
757 928
757 980
758 796
759 791
759 818
760 819
760 840
760 850
760 872
761 783
762 782
762 838
762 901
762 960
763 864
763 990
764 774
764 790
764 910
764 957
764 984
765 887
765 905
765 931
766 797
767 821
769 931
770 811
770 934
771 896
771 951
772 822
772 990
773 809
773 939
774 808
774 890
774 963
775 816
776 820
776 933
776 985
777 880
779 880
779 881
779 894
779 978
780 797
780 854
780 878
780 948
781 808
781 922
782 911
782 935
783 821
783 834
783 857
784 799
784 901
785 857
785 936
785 959
786 915
786 977
787 985
788 821
788 950
789 892
789 906
790 945
790 965
791 836
791 889
792 930
793 912
794 832
794 925
794 945
795 937
795 950
796 883
796 922
796 972
797 867
798 867
798 897
798 949
801 899
801 923
801 961
802 890
802 969
803 894
803 905
803 980
803 999
804 864
805 939
805 961
805 989
807 930
807 933
808 826
808 885
808 922
808 935
808 962
809 906
809 925
809 947
810 846
810 854
810 898
810 993
811 844
811 939
812 829
812 882
812 952
813 940
813 968
814 838
814 942
814 968
816 818
816 863
816 946
817 977
819 921
819 977
819 993
820 906
820 933
820 937
820 959
822 967
822 971
823 904
823 921
823 973
824 908
825 910
827 879
827 911
828 844
828 900
828 968
829 866
830 838
830 856
831 929
831 930
831 932
832 932
833 881
835 907
835 992
836 849
836 907
837 851
837 906
837 918
837 943
840 890
840 987
843 946
846 932
849 872
849 886
849 945
850 925
851 935
851 969
851 975
852 991
853 854
853 945
853 974
854 919
854 940
855 909
855 942
856 977
857 984
859 860
859 875
862 940
864 873
864 912
864 915
865 877
866 883
866 884
866 961
866 992
867 889
867 986
868 907
868 917
869 977
870 920
870 958
871 882
871 924
871 926
872 877
872 912
873 969
874 922
874 967
874 982
875 926
877 915
877 937
878 961
881 976
882 977
882 997
883 886
883 935
883 959
884 921
884 928
884 948
886 896
886 949
887 909
887 931
888 893
888 938
890 901
891 973
892 898
893 902
893 945
894 986
895 951
897 922
899 944
899 954
900 904
900 908
901 927
901 998
902 950
903 929
903 942
904 941
905 937
907 947
908 913
908 991
910 987
910 990
911 990
912 926
912 968
914 970
916 965
916 994
918 970
919 954
920 995
925 931
928 942
928 988
929 996
930 976
930 978
930 994
931 940
931 956
933 950
933 976
935 942
938 941
938 984
939 948
939 989
941 969
941 971
942 962
942 967
943 983
944 946
944 951
946 969
946 970
946 974
947 954
954 986
962 967
975 984
975 985
978 984
986 997
