0 257
0 504
0 605
0 635
0 661
0 663
0 699
0 703
0 858
1 590
1 595
1 602
1 610
1 741
1 837
2 102
2 164
2 390
2 401
2 427
2 458
2 487
2 507
2 564
2 724
2 756
2 843
2 897
3 349
3 353
3 468
3 584
3 690
4 15
4 218
4 299
4 433
4 540
4 592
4 680
4 697
4 738
4 823
5 118
5 265
5 313
5 452
5 731
6 99
6 255
6 396
6 422
7 139
7 408
7 477
7 768
7 770
7 781
7 883
7 946
8 168
8 235
8 400
8 442
8 486
8 868
8 893
8 976
9 169
9 209
9 286
9 490
9 666
9 956
10 19
10 297
10 359
10 763
10 910
10 914
10 925
10 983
11 52
11 155
11 273
11 342
11 357
11 436
11 491
11 548
12 60
12 366
12 476
12 586
12 655
12 748
12 773
12 828
12 856
12 919
12 944
13 64
13 279
13 471
13 761
13 779
13 908
14 105
14 183
14 234
14 483
14 579
14 626
14 682
14 925
15 204
15 249
15 438
15 523
15 532
15 598
15 620
15 779
15 851
16 101
16 163
16 260
16 583
16 652
16 951
17 132
17 154
17 209
17 293
17 298
17 652
17 813
18 39
18 108
18 142
18 306
18 329
18 402
18 450
18 566
18 607
18 809
18 890
18 995
19 72
19 189
19 232
19 274
19 378
19 391
19 450
19 460
19 498
19 611
19 784
19 967
20 97
20 504
20 601
20 668
21 60
21 75
21 100
21 304
21 318
21 425
21 576
21 613
21 663
21 711
21 760
22 130
22 241
22 313
22 369
22 390
22 462
22 473
22 582
22 597
22 738
22 876
22 955
22 998
23 24
23 71
23 103
23 124
23 135
23 214
23 271
23 342
23 453
23 530
23 627
23 642
23 728
23 932
24 126
24 134
24 189
24 223
24 353
24 368
24 403
24 769
24 812
24 909
25 383
25 402
25 491
25 568
25 608
25 904
25 918
25 959
25 966
26 40
26 274
26 307
26 363
26 441
26 465
26 586
26 626
26 717
26 798
26 925
26 960
27 43
27 52
27 201
27 219
27 382
27 438
27 474
27 680
27 703
27 843
27 975
28 73
28 116
28 145
28 169
28 289
28 339
28 575
28 665
29 223
29 248
29 262
29 299
29 320
29 631
29 730
29 787
29 826
29 873
29 876
30 133
30 199
30 242
30 293
30 506
30 594
30 598
30 599
30 605
30 842
31 90
31 149
31 235
31 297
31 350
31 491
31 513
31 574
31 794
31 809
32 380
32 573
32 739
32 752
32 851
32 914
33 100
33 112
33 216
33 228
33 293
33 373
33 489
33 601
33 671
33 672
33 684
33 750
33 964
34 87
34 89
34 165
34 195
34 222
34 309
34 340
34 580
34 675
34 723
34 979
35 217
35 245
35 287
35 482
35 487
35 594
35 621
35 733
35 863
35 902
35 940
35 972
36 62
36 378
36 404
36 454
36 578
36 602
36 803
36 876
37 133
37 174
37 189
37 250
37 345
37 522
37 581
37 771
37 891
38 198
38 245
38 297
38 300
38 321
38 404
38 462
38 498
38 572
38 698
38 766
38 906
38 909
38 993
39 151
39 325
39 500
39 564
39 698
39 713
39 717
39 982
39 996
40 77
40 323
40 368
40 424
40 457
40 581
40 773
40 836
40 837
40 871
40 984
40 986
41 73
41 211
41 240
41 361
41 375
41 732
41 735
41 750
41 849
41 867
41 982
41 983
42 278
42 456
42 574
42 577
42 584
42 587
42 696
42 813
43 60
43 155
43 170
43 326
43 346
43 394
43 432
43 500
43 621
43 687
43 746
43 786
44 206
44 664
44 678
44 784
44 954
45 76
45 171
45 266
45 277
45 329
45 394
45 600
45 700
45 754
45 759
45 839
45 841
46 330
46 339
46 385
46 548
46 706
46 906
47 59
47 107
47 141
47 188
47 477
47 497
47 511
47 623
47 663
47 874
47 902
48 51
48 107
48 153
48 200
48 301
48 312
48 314
48 329
48 388
48 422
48 431
48 446
48 539
48 546
48 674
48 803
49 233
49 247
49 418
49 702
50 79
50 104
50 352
50 369
50 494
50 501
50 538
50 657
50 856
50 881
50 900
50 902
51 426
51 452
51 510
51 811
52 55
52 75
52 107
52 108
52 216
52 261
52 301
52 366
52 642
52 665
52 681
52 772
53 64
53 186
53 238
53 364
53 499
53 578
53 579
53 979
54 963
55 114
55 177
55 191
55 243
55 399
55 683
55 876
55 907
55 916
56 211
56 291
56 321
56 500
56 517
56 557
56 672
56 685
56 713
56 762
56 858
57 159
57 222
57 559
57 586
57 607
57 674
57 723
57 739
57 744
57 814
57 900
57 907
57 911
58 257
58 437
58 449
58 514
58 619
58 897
58 904
58 926
59 82
59 99
59 150
59 244
59 323
59 334
59 393
59 405
59 412
59 842
59 846
59 917
59 928
59 952
60 283
60 319
60 344
60 517
60 622
60 629
60 640
60 723
60 821
60 832
60 906
61 135
61 166
61 196
61 255
61 418
61 572
61 724
61 858
62 105
62 268
62 280
62 376
62 378
62 384
62 476
62 485
62 507
62 700
62 976
62 979
62 993
63 89
63 148
63 207
63 367
63 493
63 526
63 530
63 555
63 558
63 689
63 727
63 752
63 764
63 945
63 983
64 219
64 319
64 613
64 645
64 659
64 690
64 707
64 778
64 897
64 982
64 991
65 69
65 237
65 269
65 347
65 572
65 602
65 790
65 814
65 885
65 952
66 158
66 235
66 308
66 508
66 515
66 538
66 549
66 562
66 651
66 774
66 776
66 829
66 836
66 891
67 126
67 136
67 173
67 289
67 412
67 439
67 442
67 532
67 579
67 642
67 671
67 703
67 927
68 82
68 412
68 559
68 694
68 729
68 753
68 801
68 809
68 923
68 930
68 967
69 152
69 198
69 439
69 444
69 446
69 504
69 543
69 657
69 745
69 981
70 145
70 156
70 330
70 362
70 379
70 397
70 399
70 519
70 536
70 674
70 677
70 886
70 929
70 956
70 960
71 217
71 268
71 277
71 306
71 318
71 518
71 715
71 833
71 845
71 891
71 973
72 173
72 246
72 669
72 737
72 750
72 882
72 916
72 997
73 189
73 538
73 586
73 668
73 804
74 126
74 255
74 310
74 416
74 422
74 761
74 817
74 871
74 916
75 281
75 285
75 380
75 401
75 434
75 462
75 472
75 562
75 639
75 680
75 743
75 813
75 903
76 329
76 351
76 623
76 652
76 669
76 827
76 916
76 935
77 304
77 426
77 669
77 707
77 865
77 896
78 144
78 229
78 358
78 448
78 730
78 831
78 906
78 969
78 987
78 988
78 990
79 202
79 418
79 478
79 590
79 612
79 628
79 669
79 688
79 692
79 939
79 945
79 964
79 991
80 129
80 272
80 344
80 415
80 631
80 823
80 860
80 931
80 984
81 131
81 142
81 248
81 341
81 778
81 815
81 903
82 133
82 165
82 227
82 433
82 719
82 943
82 969
82 978
83 92
83 132
83 303
83 329
83 880
83 935
83 958
84 120
84 406
84 446
84 501
84 509
84 692
84 756
84 816
84 993
85 160
85 203
85 315
85 333
85 365
85 381
85 609
85 709
85 730
85 937
85 962
85 996
86 165
86 313
86 391
86 466
86 546
86 611
86 637
86 674
86 698
87 307
87 314
87 322
87 324
87 392
88 97
88 103
88 141
88 208
88 322
88 327
88 419
88 486
88 580
88 618
88 671
88 782
88 914
88 938
88 972
88 973
88 986
89 139
89 193
89 334
89 400
89 454
89 483
89 573
89 747
89 758
89 813
89 841
90 392
90 672
90 932
91 259
91 361
91 821
91 869
91 874
91 967
92 118
92 281
92 292
92 352
92 522
92 584
92 671
92 813
93 364
93 834
93 853
94 223
94 276
94 308
94 483
94 488
94 498
94 539
94 671
94 794
95 114
95 176
95 178
95 234
95 393
95 520
95 570
95 579
95 782
95 929
96 110
96 253
96 593
96 622
96 768
96 796
96 974
97 212
97 387
97 442
97 517
97 566
97 573
97 579
97 747
97 947
98 189
98 336
98 373
98 386
98 486
98 546
98 560
98 589
98 715
98 895
98 941
98 996
99 238
99 354
99 405
99 456
99 517
99 532
99 652
99 920
99 953
99 992
100 312
100 421
100 551
100 689
100 736
100 814
100 844
100 922
100 923
100 938
100 989
101 179
101 201
101 228
101 304
101 310
101 465
101 546
101 603
101 661
101 664
102 107
102 122
102 156
102 192
102 339
102 383
102 480
102 694
102 909
102 924
102 938
103 220
103 264
103 296
103 398
103 614
103 869
103 916
103 970
104 154
104 312
104 383
104 486
104 496
105 379
105 658
105 773
105 779
105 797
106 185
106 220
106 243
106 319
106 397
106 513
106 522
106 717
106 760
106 904
106 935
106 958
107 150
107 174
107 209
107 626
107 665
107 954
107 960
107 993
108 145
108 198
108 216
108 281
108 284
108 472
108 482
108 533
108 701
108 709
108 740
109 327
109 442
109 453
109 497
109 544
109 549
109 693
109 826
109 827
110 291
110 470
110 491
110 749
110 887
111 199
111 312
111 535
111 688
111 689
111 810
112 127
112 131
112 247
112 519
112 547
112 591
112 922
112 925
112 940
113 139
113 310
113 326
113 338
113 431
113 439
113 440
113 460
113 549
113 597
113 638
113 714
113 833
113 953
113 962
113 970
114 377
114 424
114 689
114 701
114 790
115 226
115 328
115 357
115 403
115 517
115 560
115 668
115 698
115 790
115 794
115 891
115 917
115 941
116 203
116 345
116 706
116 712
116 806
116 819
116 846
116 933
116 957
117 148
117 426
117 468
117 596
117 643
117 805
117 894
117 899
118 403
118 477
118 533
118 722
118 737
118 740
118 854
118 941
118 972
119 272
119 354
119 804
119 811
119 912
120 154
120 373
120 406
120 552
120 563
120 621
120 721
120 953
121 159
121 301
121 336
121 401
121 415
121 433
121 730
121 794
121 852
121 877
121 967
122 169
122 175
122 275
122 286
122 494
122 498
122 605
122 809
122 818
122 835
123 189
123 299
123 338
123 684
123 772
123 850
123 930
123 978
124 728
124 760
124 878
125 616
125 757
125 774
125 911
126 291
126 504
126 510
126 771
126 783
126 844
126 905
126 963
126 976
126 997
127 137
127 160
127 161
127 185
127 443
127 507
127 594
127 618
127 626
127 695
127 696
127 708
127 909
127 986
128 189
128 306
128 314
128 410
128 435
128 785
128 901
128 924
129 232
129 350
129 354
129 509
129 552
129 578
129 646
129 935
129 945
129 949
129 960
129 962
130 131
130 170
130 404
130 568
130 912
131 161
131 363
131 626
131 850
131 940
131 945
132 263
132 284
132 288
132 316
132 335
132 396
132 496
132 676
132 802
132 889
133 136
133 243
133 290
133 312
133 423
133 425
133 476
133 521
133 578
133 800
133 893
134 212
134 347
134 360
134 477
134 525
134 577
134 615
134 629
134 833
135 146
135 242
135 253
135 266
135 492
135 752
135 826
135 869
136 146
136 602
136 620
136 763
136 973
137 153
137 161
137 221
137 291
137 728
137 914
138 156
138 256
138 404
138 457
138 742
138 777
138 916
138 927
139 187
139 229
139 292
139 656
139 914
140 258
140 343
140 502
140 538
140 734
140 760
140 831
140 842
140 878
140 957
141 150
141 151
141 205
141 262
141 391
141 727
141 812
142 159
142 289
142 344
142 381
142 557
142 698
142 729
142 767
142 873
142 895
143 191
143 518
143 544
143 666
143 798
143 855
143 870
143 892
143 980
144 265
144 341
144 382
144 780
144 793
144 805
144 959
144 975
145 158
145 331
145 538
145 722
145 809
145 829
145 929
145 959
146 189
146 312
146 690
146 749
146 879
146 899
146 995
147 323
147 647
147 701
147 752
147 866
147 968
148 274
148 347
148 478
148 579
148 673
149 161
149 275
149 334
149 504
149 612
149 669
149 813
149 972
150 432
150 547
150 575
150 648
150 683
150 743
150 745
150 874
150 895
151 295
151 321
151 374
151 426
151 571
151 869
152 220
152 249
152 256
152 402
152 435
152 567
152 731
152 752
152 978
153 313
153 326
153 468
153 738
153 745
153 782
153 831
153 875
153 893
154 189
154 202
154 420
154 465
154 709
154 808
155 156
155 269
155 367
155 454
155 493
155 669
155 786
155 807
156 167
156 174
156 270
156 288
156 298
156 319
156 489
156 537
156 618
156 826
156 849
156 979
157 258
157 330
157 453
157 500
157 530
157 633
157 634
157 980
158 217
158 297
158 311
158 350
158 482
158 487
158 694
158 712
158 718
158 914
158 936
158 946
158 966
159 386
159 391
159 437
159 642
159 721
159 756
159 825
159 898
159 969
160 347
160 566
160 570
160 648
160 700
160 797
160 944
160 974
161 188
161 291
161 351
161 437
161 611
161 671
161 849
162 163
162 529
162 711
162 774
162 890
162 928
162 962
163 176
163 200
163 273
163 325
163 554
163 787
163 818
163 831
163 881
163 888
163 993
164 271
164 515
164 736
164 831
164 927
165 227
165 284
165 513
165 526
165 544
165 550
165 784
165 826
165 853
165 882
165 996
166 175
166 246
166 330
166 357
166 360
166 445
166 449
166 486
166 611
166 726
166 921
167 312
167 422
167 435
167 633
167 643
167 843
168 198
168 271
168 345
168 464
168 525
168 561
168 580
168 657
168 667
168 715
168 840
169 202
169 272
169 358
169 445
169 514
169 634
169 666
169 689
170 256
170 320
170 497
170 541
170 574
170 634
170 651
170 674
170 676
170 800
170 827
170 855
170 925
170 934
170 958
170 992
171 294
171 358
171 359
171 432
171 623
171 785
171 786
172 412
172 459
172 467
172 517
172 530
172 562
172 578
172 631
172 639
172 936
173 338
173 715
174 210
174 300
174 315
174 333
174 557
174 638
174 643
174 675
174 685
174 724
174 783
174 801
174 858
174 911
174 959
174 976
175 188
175 190
175 336
175 543
175 556
175 582
175 841
176 208
176 346
176 563
176 588
176 832
176 924
176 948
177 275
177 328
177 365
177 430
177 649
177 742
177 786
177 796
177 912
178 300
178 318
178 534
178 681
178 710
178 727
178 778
178 885
178 974
179 341
179 345
179 368
179 417
179 436
179 457
179 506
179 564
179 572
179 593
179 619
179 766
179 769
179 892
179 902
180 327
180 497
180 885
181 255
181 308
181 373
181 406
181 535
181 626
181 630
181 675
181 739
181 752
181 821
181 903
181 957
181 983
182 237
182 351
182 357
182 426
182 430
182 453
182 469
182 591
182 608
182 890
182 939
183 263
183 337
183 520
183 667
183 712
183 999
184 316
184 336
184 379
184 477
184 496
184 518
184 562
184 686
184 729
184 860
184 995
185 291
185 299
185 383
185 496
185 547
185 592
185 605
185 736
185 809
185 889
186 209
186 359
186 549
186 593
186 623
186 721
186 772
186 840
186 846
187 218
187 229
187 285
187 669
187 696
187 731
187 786
187 899
188 199
188 243
188 378
188 381
188 420
188 678
188 751
189 639
189 696
189 763
190 202
190 301
190 414
190 513
190 591
190 783
190 875
190 940
191 202
191 236
191 274
191 323
191 586
191 591
191 643
191 645
191 709
191 824
191 915
191 983
192 294
192 516
192 584
192 712
192 747
192 814
192 824
192 858
192 859
193 295
193 581
193 759
193 885
193 906
193 913
194 242
194 382
194 504
194 535
194 604
194 621
194 633
194 756
194 819
194 851
194 918
195 217
195 305
195 326
195 480
195 548
195 575
195 680
195 870
195 875
195 878
195 908
195 936
196 279
196 298
196 311
196 494
196 511
196 569
196 582
196 714
196 748
196 766
196 847
196 967
197 301
197 331
197 340
197 379
197 524
197 579
197 741
197 774
197 905
198 331
198 389
198 426
198 436
198 438
198 706
198 708
198 799
198 805
198 836
198 883
198 983
199 457
199 592
199 624
199 801
199 954
200 557
200 661
200 806
200 869
201 206
201 350
201 418
201 567
201 658
201 853
201 860
202 233
202 300
202 362
202 445
202 635
202 668
202 677
202 744
202 963
202 987
203 354
203 356
203 364
203 993
204 284
204 521
204 611
204 614
204 814
204 865
204 896
204 904
204 977
205 473
205 607
205 782
205 795
205 797
205 812
206 274
206 358
206 586
206 725
206 869
207 225
207 334
207 379
207 637
207 736
207 799
207 806
207 935
207 972
208 376
208 452
208 481
208 534
208 552
208 578
208 692
208 821
208 870
208 878
208 940
209 525
209 553
209 614
209 867
210 466
210 657
210 825
211 327
211 665
211 724
211 746
211 771
211 847
212 326
212 331
212 383
212 729
213 226
213 635
213 707
213 712
213 856
214 312
214 410
214 428
214 552
214 767
214 794
214 921
214 943
214 948
215 259
215 281
215 302
215 415
215 461
215 482
215 494
215 562
215 571
215 605
215 620
215 757
215 804
215 836
215 960
216 379
216 448
216 896
216 949
217 271
217 542
217 624
217 812
217 820
217 943
217 974
218 257
218 280
218 294
218 356
218 389
218 426
218 560
218 643
219 462
219 511
219 514
219 561
219 670
219 727
219 868
219 960
219 977
220 347
220 383
220 394
220 455
220 533
220 654
220 752
220 837
220 895
220 910
221 503
221 672
221 689
221 749
221 998
222 223
222 273
222 415
222 775
223 264
223 334
223 346
223 539
223 690
223 705
223 784
223 943
224 233
224 296
224 320
224 417
224 756
224 759
224 766
224 848
224 901
224 922
225 262
225 281
225 495
225 808
226 271
226 299
226 417
226 628
226 820
226 852
226 910
227 261
227 398
227 467
227 708
227 762
227 786
227 793
227 949
228 391
228 455
228 458
228 510
228 624
228 729
228 744
228 925
228 993
229 316
229 626
229 644
229 798
229 869
230 255
230 591
230 598
230 633
230 713
230 751
230 882
231 444
231 538
231 618
231 749
231 750
231 919
231 929
231 968
232 283
232 554
232 736
232 737
232 808
232 809
232 918
232 932
232 952
232 977
233 385
233 390
233 457
233 469
233 532
233 644
233 645
233 686
233 996
234 275
234 352
234 454
234 460
234 508
235 245
235 265
235 429
235 504
235 562
235 715
235 865
236 372
236 403
236 406
236 458
236 494
236 515
236 624
236 630
236 770
236 820
237 250
237 310
237 369
237 409
237 495
237 543
237 545
237 652
237 669
237 705
237 773
237 929
237 967
238 471
238 472
238 531
238 685
238 822
238 968
239 248
239 313
239 411
239 509
239 629
239 725
239 811
240 254
240 264
240 296
240 323
240 396
240 398
240 591
240 727
240 764
240 774
240 833
241 421
241 528
241 608
241 972
241 983
241 989
242 244
242 660
242 668
242 942
242 982
243 292
243 327
243 662
243 914
243 973
244 275
244 321
244 387
244 491
244 790
244 819
244 964
245 314
245 421
245 461
245 468
245 827
245 961
245 963
246 258
246 293
246 350
246 561
246 691
246 730
246 890
246 893
247 255
247 301
247 334
247 375
247 467
247 497
247 768
247 783
247 844
247 937
248 408
248 503
248 742
248 858
248 866
248 927
249 687
249 833
249 900
249 954
249 982
250 345
250 505
250 570
250 683
250 754
250 839
250 859
250 959
251 598
251 609
251 692
251 748
252 266
252 282
252 396
252 492
252 539
252 569
252 604
252 608
252 745
252 796
252 878
252 995
252 999
253 272
253 342
253 427
253 466
253 660
253 708
254 340
254 395
254 552
254 575
254 639
254 729
254 757
254 781
254 817
254 845
254 916
254 996
255 270
255 287
255 291
255 329
255 365
255 956
255 973
255 987
255 989
256 400
256 518
256 845
256 866
257 317
257 398
257 475
257 542
257 613
257 739
257 755
257 784
258 275
258 444
258 466
258 756
258 889
258 976
259 291
259 321
259 615
259 702
259 861
260 272
260 325
260 531
260 660
260 661
260 883
261 296
261 356
261 477
261 501
261 583
261 785
261 824
262 393
262 719
262 758
262 766
262 767
262 826
263 305
263 342
263 421
263 666
263 744
263 851
263 864
263 865
263 982
264 504
264 511
264 524
264 669
264 751
264 770
264 872
265 322
265 332
265 438
265 549
265 582
265 698
265 762
265 766
265 839
265 973
266 318
266 409
266 633
266 689
266 898
266 950
267 278
267 279
267 526
267 614
267 666
267 671
267 704
267 801
267 964
267 971
268 269
268 344
268 426
268 496
268 627
268 663
268 733
268 769
268 914
268 937
268 939
269 322
269 473
269 533
269 985
270 307
270 385
270 402
270 607
270 643
270 739
270 953
271 277
271 300
271 352
271 408
271 654
271 741
271 742
271 761
271 775
271 958
272 295
272 325
272 370
272 396
272 425
272 433
272 492
272 501
272 518
272 556
272 671
272 784
272 812
272 882
272 933
273 512
273 516
273 529
273 596
273 613
273 623
273 646
273 680
273 824
273 869
273 918
273 932
274 468
274 554
274 702
274 757
274 854
274 948
274 950
274 975
275 307
275 562
275 827
275 903
275 943
276 536
276 739
276 831
276 888
277 490
277 574
277 596
277 676
278 313
278 403
278 547
278 568
278 601
278 848
278 952
279 315
279 492
279 530
279 557
279 825
280 324
280 391
280 498
280 515
280 694
280 842
280 866
281 398
281 555
281 613
281 625
281 690
282 289
282 449
282 477
282 479
282 566
282 620
282 653
282 734
282 912
282 945
282 992
283 381
283 463
283 584
283 597
283 701
283 751
283 756
283 852
284 352
284 367
284 477
284 515
284 573
284 602
284 818
284 868
285 321
285 323
285 398
285 505
285 543
285 815
285 816
285 867
285 998
286 843
286 886
286 940
286 982
287 360
287 385
287 507
287 553
287 600
287 856
287 911
288 431
288 664
288 733
288 746
289 334
289 415
289 421
289 493
289 532
289 882
289 908
289 972
290 341
290 365
290 366
290 488
290 666
290 696
290 760
290 781
290 829
290 967
291 385
291 437
291 594
291 612
291 946
292 303
292 332
292 530
292 744
292 811
292 920
293 319
293 395
293 402
293 432
293 616
293 945
294 337
294 387
294 398
294 485
294 509
294 672
294 682
294 873
294 895
294 938
295 326
295 368
295 475
295 555
295 595
295 816
295 938
295 994
296 339
296 419
296 448
296 557
296 596
296 711
296 746
296 798
296 859
296 927
296 947
297 298
297 337
297 683
297 826
297 837
297 874
297 913
297 924
297 957
297 961
298 310
298 376
298 422
298 435
298 509
298 524
298 542
298 643
298 711
298 883
299 397
299 534
299 615
299 645
299 657
299 694
299 966
300 330
300 349
300 415
300 501
300 522
300 650
300 700
300 883
300 893
300 935
300 964
301 328
301 339
301 678
301 748
301 785
301 791
301 936
301 952
302 322
302 363
302 396
302 424
302 520
302 691
302 696
302 701
302 918
302 953
303 361
303 510
303 645
303 679
303 860
303 906
304 341
304 569
305 377
305 437
305 556
305 679
305 731
305 755
305 767
305 782
305 898
306 389
306 414
306 508
306 511
306 546
306 757
306 832
306 888
307 453
307 482
307 526
307 644
307 653
307 656
307 905
307 981
307 997
308 424
308 476
308 555
308 609
308 654
308 655
308 669
308 696
308 713
308 720
308 726
308 764
308 837
308 945
308 961
309 386
309 573
309 618
309 632
309 723
309 752
309 843
309 857
309 892
309 994
310 423
310 575
310 615
310 674
310 772
310 870
311 585
311 627
312 384
312 458
312 461
312 613
312 737
312 769
312 800
313 370
313 536
314 377
314 541
314 607
314 700
314 839
314 941
315 468
315 693
315 722
315 752
316 524
316 646
316 659
317 351
317 353
317 370
317 428
317 498
317 648
317 893
317 942
317 997
318 715
318 796
318 826
319 394
319 413
319 432
319 522
319 687
320 347
320 515
320 563
320 651
320 709
320 715
320 727
320 789
320 931
320 949
320 976
320 986
321 518
321 595
321 668
321 674
321 695
321 705
322 486
322 499
322 649
322 773
322 877
323 370
323 393
323 521
323 671
323 720
323 958
324 351
324 439
324 509
324 533
324 703
324 747
324 897
324 986
325 454
325 669
325 899
325 991
326 434
326 531
326 555
326 557
326 775
326 820
326 821
326 827
326 870
327 380
327 415
327 651
327 701
327 761
327 831
328 401
328 500
328 510
328 624
328 682
328 873
328 984
328 987
329 336
329 480
329 545
329 577
329 585
329 738
329 790
330 338
330 356
330 517
330 925
330 976
331 385
331 386
331 565
331 618
331 746
331 949
332 405
332 456
332 526
332 566
332 712
332 866
333 345
333 364
333 391
333 464
333 621
333 690
333 786
333 861
333 862
333 906
333 920
333 929
333 978
333 984
334 514
334 533
334 622
334 625
334 730
334 732
334 737
334 842
334 852
335 340
335 552
335 822
335 876
335 936
335 942
335 989
335 990
336 380
336 434
336 437
336 461
336 480
336 496
336 769
336 946
337 343
337 346
337 382
337 719
337 734
337 778
337 887
338 533
338 562
338 567
338 662
338 730
338 991
339 366
339 391
339 515
339 617
339 660
339 677
339 683
339 803
339 817
340 438
340 537
340 619
340 799
340 815
340 975
341 690
341 701
341 722
341 805
342 445
342 571
342 744
342 774
342 814
342 828
342 840
342 980
343 519
343 566
343 603
343 653
343 686
343 771
343 854
343 952
343 974
344 364
344 509
344 526
344 584
344 618
344 855
345 442
345 464
345 722
345 782
345 967
346 356
346 397
346 451
346 635
346 642
346 670
346 675
346 718
346 807
346 918
346 932
346 975
346 997
347 372
347 595
347 780
347 996
348 403
348 480
348 598
348 657
348 706
348 825
348 985
349 406
349 591
349 686
349 751
349 890
349 900
350 598
350 741
350 832
350 938
350 997
351 376
351 450
351 493
351 567
351 600
351 629
351 678
351 906
351 974
352 512
352 533
352 626
352 727
352 783
352 879
352 957
352 981
353 354
353 360
353 452
353 637
353 803
353 804
353 864
353 893
353 906
354 612
354 815
354 854
355 411
355 638
355 702
355 876
355 877
355 959
355 999
356 460
356 474
356 504
356 657
356 662
356 776
356 861
356 951
357 411
357 680
357 712
357 728
357 809
357 840
357 871
357 955
358 384
358 407
358 461
358 782
358 830
358 947
359 388
359 439
359 472
359 893
360 738
360 756
360 826
361 448
361 555
361 577
361 679
361 898
361 922
361 993
362 494
362 773
362 824
363 365
363 378
363 550
363 598
363 745
363 809
363 868
363 964
364 384
364 515
364 644
364 681
364 850
365 416
365 691
365 834
365 853
365 959
366 481
366 594
366 595
366 604
366 648
367 510
367 750
367 767
368 529
368 623
368 660
368 769
368 894
368 992
369 385
369 487
369 496
369 573
369 627
369 934
369 955
370 504
370 560
370 569
370 683
370 748
370 789
370 862
370 963
371 592
371 698
371 827
371 846
371 852
371 888
371 909
372 492
372 502
372 721
372 841
372 998
373 525
373 560
373 674
373 750
373 868
373 890
374 571
374 651
374 811
374 820
374 828
374 971
374 988
375 656
375 880
376 427
376 765
376 883
376 914
376 961
376 964
377 391
377 417
377 470
377 505
377 853
377 909
377 957
378 384
378 837
379 448
379 573
379 668
379 889
379 895
379 901
380 401
380 436
380 550
380 620
380 818
380 847
380 920
381 417
381 455
381 503
381 517
381 528
381 577
381 645
381 657
381 667
381 947
382 391
382 498
382 552
382 583
382 716
382 721
382 896
382 958
382 993
383 503
383 551
383 745
383 862
384 485
384 495
384 563
384 606
384 687
385 520
385 540
385 605
385 648
385 733
385 768
385 794
385 872
385 977
386 442
386 510
386 782
386 966
387 467
387 574
387 610
387 659
387 665
387 768
387 807
387 847
387 875
387 909
387 997
388 643
388 688
388 694
388 711
388 729
388 768
388 787
388 817
388 862
389 403
389 534
389 546
389 584
389 684
389 756
389 794
389 804
389 872
390 740
390 838
390 863
390 943
390 987
391 406
391 544
391 556
391 561
391 617
391 784
392 406
392 458
393 737
393 799
394 654
394 726
394 809
395 430
395 498
395 573
395 720
395 877
395 944
395 958
395 992
396 443
396 449
396 544
396 570
396 803
396 925
397 511
397 714
397 731
397 802
397 818
397 941
398 454
398 980
399 402
399 451
399 533
399 781
399 807
399 829
399 912
400 418
400 438
400 737
400 840
401 486
401 490
401 493
401 735
402 505
402 704
402 815
402 832
402 845
402 889
402 954
403 411
403 661
403 682
403 780
403 826
403 847
403 902
403 985
403 994
404 408
404 432
404 480
404 547
404 847
404 855
404 887
404 893
404 965
405 422
405 510
405 531
405 548
405 643
405 678
405 721
405 754
405 938
406 483
406 531
406 627
406 636
406 798
406 854
406 876
406 925
407 412
407 521
407 573
407 682
407 796
407 825
407 987
408 539
408 800
408 878
408 880
408 979
409 481
409 560
409 757
409 796
410 440
410 481
410 582
410 767
410 786
410 903
410 925
411 664
411 687
411 688
411 702
411 756
411 758
411 806
411 865
412 484
412 498
412 729
412 908
413 527
413 684
413 935
414 560
414 597
414 709
414 794
415 471
415 481
415 515
415 528
415 583
415 713
416 447
416 476
416 494
416 516
416 595
416 698
416 921
417 540
417 655
417 716
417 900
417 962
418 670
418 783
418 839
418 977
418 980
418 988
419 593
420 806
420 821
420 830
421 698
421 714
421 735
421 759
421 887
421 918
421 931
422 603
422 624
422 691
422 714
422 787
422 796
422 858
422 937
422 945
423 729
423 731
423 732
423 828
423 846
424 455
424 677
425 515
425 721
425 776
425 895
426 765
426 891
427 773
427 787
427 853
427 895
427 897
427 907
427 945
428 430
428 442
428 446
428 485
428 509
428 556
428 579
428 948
429 445
429 975
430 435
430 482
430 534
430 627
430 670
430 849
430 892
431 436
431 437
431 447
431 713
432 447
432 490
432 571
433 453
433 462
433 490
433 680
433 703
433 724
433 843
433 877
433 918
433 982
434 587
434 695
434 834
434 844
434 846
435 742
435 768
435 827
435 856
435 862
435 908
436 478
436 554
436 598
436 859
437 482
437 490
437 697
437 706
437 719
437 774
437 796
437 994
438 672
438 730
438 766
438 794
438 800
438 895
439 556
439 669
439 694
439 733
439 753
440 515
440 572
440 597
440 598
440 616
440 745
440 934
441 714
441 846
442 645
442 695
442 697
442 766
442 832
442 842
443 565
443 607
443 608
443 628
443 680
443 906
443 929
444 446
444 461
444 758
445 522
445 569
445 630
445 917
446 626
446 641
446 715
446 755
446 966
447 527
447 625
447 644
447 847
447 884
448 450
448 599
448 700
448 747
448 804
448 822
448 864
448 980
448 994
449 515
449 608
449 705
449 986
450 500
450 511
450 583
450 594
450 621
450 679
450 709
450 718
450 753
450 894
450 911
451 698
451 741
451 754
451 780
451 796
451 805
451 998
452 620
452 703
452 845
452 908
452 973
453 555
453 652
453 875
453 954
454 465
454 478
454 542
454 662
454 813
454 852
454 899
455 459
455 658
455 662
455 952
456 559
456 706
456 759
456 805
456 829
456 988
457 587
457 960
458 490
458 565
458 776
458 986
459 515
459 547
459 812
459 912
460 557
460 765
460 923
461 472
461 677
461 814
461 852
462 502
462 567
462 609
462 635
462 681
463 494
463 557
463 577
463 607
463 692
463 714
463 734
463 806
463 811
463 921
463 933
463 939
463 956
464 520
464 538
464 555
464 599
464 651
464 662
464 727
464 858
464 991
465 546
465 710
465 727
465 836
466 541
466 607
466 663
466 698
466 712
466 718
466 720
466 821
466 882
467 475
467 867
467 913
468 533
468 569
468 617
468 730
468 802
468 850
468 943
468 958
469 474
469 496
469 536
469 640
469 691
469 708
469 725
469 854
470 614
470 661
470 682
470 904
471 826
472 495
472 512
472 549
472 554
472 629
472 645
472 709
472 723
472 903
473 474
473 545
473 570
473 755
473 846
474 651
474 701
474 780
475 539
475 561
475 564
475 733
475 813
475 847
475 910
476 501
476 513
476 792
476 873
476 879
476 881
477 512
477 563
477 600
477 680
477 809
477 969
478 640
478 840
478 896
479 531
479 750
479 789
479 820
480 716
480 870
480 925
481 494
481 504
481 682
481 979
481 999
482 507
482 912
482 934
483 618
483 761
483 839
483 855
483 861
483 884
483 905
483 976
484 773
484 900
484 930
484 932
484 970
485 726
485 890
485 906
485 970
486 645
486 654
487 518
487 524
487 570
487 605
487 621
487 647
487 685
487 820
487 851
488 496
488 702
488 801
488 859
488 865
488 978
488 987
489 653
489 897
489 916
489 926
490 512
490 562
490 807
490 960
490 985
490 993
491 546
491 693
491 722
491 962
492 496
492 568
492 727
492 815
492 834
492 908
492 929
492 988
493 535
493 672
493 802
493 812
493 989
494 970
494 983
495 526
495 694
495 713
495 747
495 774
495 930
495 981
496 610
496 655
496 787
497 666
497 743
497 839
497 881
497 886
497 914
497 936
497 940
498 645
498 750
498 895
498 908
498 991
499 503
499 773
499 775
499 780
499 903
499 913
500 578
500 711
500 842
501 516
501 678
501 977
502 537
502 596
502 631
503 589
503 814
503 842
503 884
503 938
504 615
504 676
504 855
504 890
504 900
504 994
504 996
505 619
505 702
505 934
505 976
506 568
506 591
506 670
506 683
506 825
506 948
507 545
507 576
507 620
507 704
507 724
507 818
508 543
508 652
508 806
508 849
509 610
509 854
509 867
509 872
509 924
509 936
509 950
509 959
509 974
510 636
510 764
510 801
510 934
511 651
511 679
511 695
511 746
511 868
511 960
512 519
512 542
512 635
512 936
513 812
513 876
513 936
514 535
514 574
514 724
514 758
514 919
514 995
515 715
515 751
515 831
515 908
515 937
516 622
516 629
516 731
516 804
516 868
516 951
516 997
517 554
517 561
517 609
517 643
517 667
517 762
517 884
517 954
517 995
518 719
518 772
518 814
518 874
518 994
519 540
519 685
519 743
519 815
519 985
520 625
520 670
520 690
520 700
520 704
520 756
520 797
520 841
520 928
520 951
520 957
521 831
521 850
521 937
522 669
522 953
523 536
523 547
523 696
523 903
523 982
524 541
524 544
524 733
524 740
524 836
524 853
524 991
525 606
525 849
525 868
525 959
526 580
526 610
526 751
526 775
526 777
526 833
526 968
527 541
527 571
527 653
527 696
527 855
528 618
528 744
528 775
528 992
529 556
529 672
529 744
529 806
529 844
529 849
530 598
531 892
532 976
533 550
533 635
533 757
533 836
534 611
534 614
534 643
534 966
534 974
535 712
535 868
536 578
536 853
536 963
537 642
537 656
537 710
537 814
538 540
538 631
538 665
539 549
539 613
539 621
539 717
539 823
539 845
539 872
539 988
540 597
540 789
540 805
540 875
540 889
541 739
541 822
541 935
541 982
541 986
542 559
542 562
542 966
543 837
543 939
543 981
544 583
544 848
545 592
545 701
545 749
546 909
546 931
546 990
547 572
547 713
547 728
547 909
547 965
548 635
548 737
548 847
548 870
549 570
549 799
550 566
550 850
550 909
551 665
551 856
551 896
551 924
551 930
552 650
552 661
552 753
552 958
554 612
554 628
554 701
554 824
554 975
555 606
555 825
555 921
555 926
555 942
556 598
556 664
556 687
556 739
556 875
556 889
557 587
557 649
557 828
557 829
557 855
557 863
557 943
557 955
557 969
558 702
558 983
559 643
559 831
559 918
559 920
560 657
560 762
561 807
561 855
562 714
562 798
562 933
562 987
563 615
563 673
563 743
563 781
563 904
563 979
564 628
564 754
564 862
565 619
565 636
565 808
565 931
566 798
566 802
566 818
566 866
566 949
567 578
567 588
567 792
567 837
567 866
567 878
567 981
567 999
568 615
568 619
568 687
568 714
568 729
568 783
568 853
568 964
568 987
569 571
569 660
569 962
572 972
573 590
573 609
573 621
573 849
573 988
574 723
574 752
574 970
575 657
575 674
575 690
575 834
575 854
576 731
576 825
576 964
577 663
577 668
578 744
578 759
578 783
578 857
578 915
578 943
579 612
579 717
579 748
579 910
579 987
580 612
580 686
580 702
580 715
580 773
580 892
580 951
581 692
581 765
581 841
582 725
582 937
583 610
583 653
583 795
583 796
583 815
584 588
584 687
584 776
584 795
585 626
585 805
585 830
585 852
585 971
586 612
586 657
586 662
586 809
586 894
586 955
587 804
587 847
587 952
588 709
588 767
588 858
588 934
589 649
590 607
590 658
590 854
590 855
591 627
591 650
591 676
591 775
591 795
591 852
591 899
592 608
592 723
592 729
592 766
592 783
593 799
594 615
594 621
594 712
594 779
594 848
594 941
595 736
595 918
595 948
595 993
595 995
596 676
596 812
596 853
596 982
597 931
597 956
598 775
598 916
598 966
599 888
600 642
600 705
600 726
600 888
600 889
601 611
601 614
601 686
601 692
601 818
601 894
601 930
602 692
602 699
602 860
602 865
603 664
603 887
603 948
603 996
604 671
605 748
605 811
605 897
605 922
605 951
605 959
606 733
606 739
606 771
606 852
606 939
607 668
607 720
607 814
607 873
607 884
607 958
608 949
609 690
609 920
609 992
610 618
610 646
610 673
610 781
610 904
610 971
611 617
611 677
611 800
611 834
611 932
611 940
612 636
612 677
612 828
612 856
612 862
612 982
613 649
613 717
613 732
613 975
614 633
614 892
615 699
615 747
615 815
615 967
616 675
616 732
616 793
616 921
617 691
617 741
617 788
617 860
618 642
618 707
618 818
618 905
618 964
619 699
619 707
619 723
619 762
619 778
619 820
619 935
619 948
620 698
620 736
620 822
620 995
621 997
623 647
623 760
623 849
623 852
623 917
624 626
624 650
624 804
624 848
625 762
625 869
625 880
626 784
626 791
626 835
626 850
626 884
626 897
627 667
627 673
627 895
627 973
628 647
628 671
628 951
628 986
629 641
630 721
631 695
631 832
631 898
631 901
632 772
632 781
634 995
635 754
635 800
636 693
637 641
637 850
637 857
637 884
637 919
638 823
638 891
639 686
639 937
639 985
640 643
640 644
640 651
640 808
640 855
640 959
640 986
641 646
641 695
641 733
641 788
641 919
641 986
642 755
642 897
643 726
644 646
644 717
644 788
644 837
644 930
644 948
645 673
645 736
645 809
645 911
645 912
645 990
646 712
646 794
647 787
648 656
648 812
648 869
648 912
648 998
649 778
649 851
649 860
649 939
650 682
650 684
650 964
650 990
651 754
651 786
651 884
651 933
652 754
652 811
652 890
653 731
653 812
653 823
653 826
653 992
654 808
654 987
655 906
656 733
656 754
658 723
658 726
658 822
658 885
658 920
659 677
659 753
659 979
660 723
660 765
660 833
660 861
660 954
661 667
661 741
661 756
661 881
661 955
662 694
662 792
662 813
663 707
663 799
663 868
664 682
664 688
664 862
665 746
665 787
666 668
666 734
666 808
666 916
666 928
666 929
666 988
666 991
667 686
667 703
667 735
667 754
667 756
667 963
667 983
668 773
668 809
668 959
669 700
670 737
670 890
670 957
671 736
671 757
672 802
672 833
672 972
673 770
673 846
673 892
673 904
673 909
673 911
674 862
674 929
675 842
675 904
676 682
676 762
676 799
676 956
677 685
677 701
677 864
677 946
677 961
678 689
678 917
678 956
679 785
680 718
680 798
680 846
681 847
681 851
683 698
683 717
683 850
683 934
684 735
684 773
684 892
684 966
685 726
686 791
686 912
686 999
688 861
688 886
688 922
689 729
689 822
689 908
689 928
689 929
689 942
689 995
690 771
690 806
691 769
691 789
692 823
692 845
692 914
692 915
692 941
692 965
693 759
693 863
693 886
693 927
693 946
694 889
694 960
695 752
695 788
695 958
696 762
696 939
696 978
697 800
698 732
698 800
699 700
699 759
699 851
699 860
699 980
700 822
701 822
701 942
702 928
703 795
703 977
704 757
704 799
704 872
704 961
705 793
705 840
705 896
705 959
706 723
706 755
706 818
706 829
707 712
707 736
707 748
707 991
708 716
708 893
708 904
709 972
710 737
710 832
710 861
710 947
711 743
711 769
711 875
711 877
712 880
712 920
712 930
712 947
713 999
714 732
714 756
714 932
715 924
715 964
716 757
716 851
716 923
716 940
717 849
717 908
717 931
717 982
718 757
718 774
718 906
718 916
718 970
719 922
720 959
720 973
721 724
721 740
721 753
721 878
721 976
722 755
722 782
723 754
724 805
724 821
724 879
724 996
725 861
726 861
727 751
727 773
727 794
727 825
727 841
728 858
728 865
729 825
730 861
730 998
731 747
731 770
731 991
732 826
732 841
732 863
732 991
734 756
734 894
734 986
735 830
735 862
735 908
735 956
735 958
736 884
736 899
736 901
737 817
738 795
738 799
738 856
738 954
739 797
739 841
740 753
740 927
741 791
741 912
741 954
742 787
743 995
744 776
744 970
745 829
745 889
745 944
746 813
747 771
747 983
748 900
749 943
749 992
750 778
750 863
750 872
750 897
750 919
750 970
750 980
751 788
751 853
751 918
751 979
751 989
752 794
752 839
752 932
753 788
753 835
753 918
753 994
754 838
754 899
754 900
755 798
755 828
756 939
756 952
757 782
757 954
758 848
758 906
758 993
758 996
759 888
760 832
760 947
760 954
762 848
762 866
763 932
763 968
764 841
764 842
765 850
765 873
765 984
766 796
766 868
766 881
766 982
767 880
767 971
768 915
768 999
769 780
771 802
771 880
772 842
772 907
772 917
773 809
774 783
774 923
776 814
776 850
776 878
776 887
776 915
778 803
779 807
780 785
780 943
781 862
781 881
781 933
782 895
783 859
783 912
783 950
783 985
784 973
785 802
785 855
786 904
786 994
787 799
787 901
788 818
789 790
789 835
789 887
789 905
789 917
789 967
790 844
790 867
790 897
790 919
790 956
790 959
790 989
791 859
791 873
791 894
791 995
792 829
792 837
792 838
792 886
792 897
792 911
793 909
794 974
797 939
797 980
799 826
799 831
799 834
799 875
799 879
799 897
799 969
800 883
800 913
800 986
801 870
801 963
802 819
803 901
804 937
804 996
805 939
805 957
806 878
807 829
807 866
807 945
808 821
808 825
808 887
809 812
809 824
809 855
809 882
809 941
810 849
810 881
810 890
810 943
810 981
811 833
811 900
812 854
814 898
814 902
814 991
815 979
815 980
816 848
816 849
816 946
816 954
816 984
818 980
820 957
821 830
821 895
821 990
822 828
822 846
823 963
824 827
824 884
824 993
825 849
826 938
827 904
828 981
829 835
830 901
830 985
831 881
831 902
832 864
832 897
832 913
832 941
834 865
834 918
834 999
837 921
838 876
838 883
838 982
839 935
839 964
839 997
840 894
841 982
842 870
843 856
843 926
843 956
843 977
844 907
844 947
845 853
845 872
845 954
846 971
847 929
847 991
848 864
848 872
848 880
848 981
849 861
849 968
850 856
850 862
850 892
850 924
850 967
852 999
855 896
856 903
857 902
858 860
858 900
858 986
858 988
859 861
860 878
860 975
861 890
861 990
863 900
863 951
863 952
864 886
864 985
865 947
865 995
866 875
866 906
867 886
867 887
867 947
870 906
870 919
871 917
871 920
872 879
875 884
875 945
875 964
876 934
878 903
878 958
881 949
882 957
883 924
883 936
883 943
884 955
885 951
885 955
886 996
887 914
887 927
887 999
888 890
888 918
888 965
889 913
889 956
889 968
890 925
892 929
893 899
893 931
893 947
894 922
896 926
896 946
896 982
897 989
898 919
900 903
903 944
903 998
904 935
906 928
908 970
909 941
909 991
911 916
912 973
914 952
915 925
919 968
919 983
921 934
922 997
923 974
923 995
925 981
927 930
930 950
931 971
931 987
932 962
934 951
934 958
937 965
938 961
940 970
943 944
944 951
946 980
950 962
952 995
953 999
959 966
966 987
969 988
969 996
978 983
980 997
981 989
