0 47
0 54
0 113
0 230
0 298
0 860
1 19
1 61
1 185
1 242
1 324
1 336
1 510
1 585
1 707
1 714
1 798
1 857
1 862
1 898
1 929
1 956
2 70
2 111
2 266
2 490
2 816
2 986
3 151
3 230
3 357
3 383
3 389
3 465
3 502
3 567
3 590
3 644
3 646
3 768
3 769
3 812
4 190
4 318
4 432
4 439
4 523
4 546
4 674
4 756
4 760
4 888
5 9
5 34
5 271
5 361
5 618
5 637
5 640
5 685
5 776
5 819
5 927
5 967
6 206
6 227
6 424
6 472
6 933
7 21
7 135
7 165
7 383
7 456
7 506
7 576
7 610
7 899
8 11
8 12
8 84
8 152
8 197
8 235
8 368
8 535
8 690
8 736
8 911
9 114
9 328
9 392
9 828
9 854
9 856
9 907
10 62
10 227
10 385
10 543
10 706
10 949
11 35
11 127
11 281
11 315
11 341
11 360
11 386
11 406
11 483
11 576
11 590
11 763
12 438
12 485
12 613
12 644
12 701
12 718
12 734
12 752
12 838
12 863
12 901
13 214
13 295
13 363
13 485
13 497
13 607
13 664
13 789
13 861
13 955
14 209
14 355
14 436
14 481
14 721
14 729
14 747
14 810
14 877
15 51
15 125
15 260
15 274
15 284
15 321
15 450
15 685
15 833
15 893
15 979
16 50
16 205
16 291
16 386
16 450
16 553
16 571
16 980
17 123
17 168
17 419
17 609
17 646
17 728
17 751
17 820
17 870
17 983
17 993
18 155
18 156
18 388
18 408
18 524
18 602
18 759
18 903
19 314
19 343
19 353
19 557
19 598
19 765
19 964
20 42
20 90
20 116
20 142
20 269
20 363
20 418
20 677
20 780
20 917
20 958
21 123
21 167
21 240
21 363
21 397
21 608
21 684
21 709
21 790
21 970
21 986
22 236
22 338
22 456
22 558
22 561
22 615
22 782
22 837
22 942
23 165
23 395
23 416
23 449
23 464
23 540
23 695
23 765
23 824
23 872
24 77
24 319
24 412
24 442
24 502
24 551
24 599
24 699
24 768
24 872
25 263
25 511
25 553
25 684
25 713
25 775
25 789
25 800
25 817
25 879
25 884
25 966
26 155
26 172
26 228
26 322
26 654
26 784
26 969
26 974
27 72
27 138
27 163
27 272
27 405
27 478
27 552
27 571
27 634
27 671
27 740
27 787
27 878
28 227
28 241
28 295
28 312
28 367
28 532
28 533
28 540
28 666
28 762
28 878
28 884
29 154
29 276
29 359
29 462
29 485
29 567
29 590
29 602
30 274
30 577
30 590
30 946
31 228
31 306
31 446
31 561
31 624
31 778
31 793
32 91
32 119
32 407
32 509
32 555
32 561
32 622
32 681
32 911
32 945
32 973
33 92
33 184
33 314
33 369
33 503
33 522
33 639
33 685
34 106
34 165
34 367
34 388
34 574
34 605
34 653
34 747
34 762
34 804
35 155
35 222
35 230
35 268
35 324
35 529
35 678
35 709
35 765
35 814
36 123
36 161
36 189
36 277
36 373
36 388
36 578
36 702
36 724
36 761
37 54
37 66
37 92
37 550
37 607
37 647
37 673
37 717
37 737
37 758
37 786
37 975
37 993
38 95
38 120
38 125
38 548
38 574
38 596
38 794
38 805
38 993
39 99
39 360
39 400
39 458
39 598
39 653
39 793
39 984
40 73
40 144
40 199
40 221
40 418
40 820
40 868
40 939
41 257
41 396
41 540
41 650
41 656
41 729
41 768
41 952
42 191
42 196
42 514
42 573
42 656
42 662
42 702
42 978
43 319
43 756
43 852
44 85
44 214
44 470
44 487
44 526
44 552
44 617
44 618
44 688
44 805
44 842
44 859
44 969
45 291
45 382
45 441
45 553
45 567
45 646
45 728
45 793
45 830
45 869
46 135
46 422
46 539
46 617
46 859
47 85
47 276
47 344
47 432
47 477
47 519
47 559
47 573
47 600
47 612
47 720
47 763
47 829
47 927
48 53
48 161
48 246
48 355
48 356
48 429
48 510
48 550
48 562
48 690
48 752
48 836
49 81
49 247
49 256
49 345
49 584
49 681
49 775
49 949
50 95
50 133
50 213
50 252
50 431
50 569
50 600
50 742
51 82
51 309
51 380
51 385
51 392
51 425
51 431
51 533
51 571
51 618
51 623
51 652
51 682
51 713
51 766
51 803
52 80
52 97
52 165
52 359
52 360
52 366
52 369
52 460
52 582
52 724
52 833
52 865
53 70
53 256
53 332
53 344
53 397
53 398
53 470
53 520
53 570
53 584
53 620
53 674
53 810
53 933
53 941
53 968
53 984
54 80
54 205
54 218
54 351
54 423
54 589
54 609
54 627
54 645
54 825
54 845
54 958
55 252
55 263
55 327
55 328
55 331
55 423
55 454
55 557
55 671
56 81
56 270
56 485
56 531
56 590
56 730
56 760
56 806
56 857
56 925
57 61
57 132
57 228
57 238
57 340
57 354
57 398
57 507
57 542
57 719
57 743
57 827
57 850
58 184
58 272
58 479
58 619
58 763
58 873
58 881
59 111
59 150
59 248
59 382
59 431
59 570
59 677
59 694
59 727
59 750
59 757
59 948
60 124
60 244
60 267
60 315
60 377
60 438
60 542
60 674
60 773
60 788
60 834
60 978
61 100
61 105
61 210
61 222
61 314
61 345
61 439
61 476
61 770
61 879
62 120
62 316
62 424
62 753
62 966
62 980
63 100
63 167
63 168
63 174
63 188
63 215
63 356
63 444
63 548
63 747
63 843
63 844
63 988
64 226
64 293
64 399
64 406
64 425
64 435
64 587
64 589
64 637
64 758
64 759
64 795
65 98
65 337
65 513
65 534
65 581
65 627
65 641
65 694
65 711
65 756
65 962
66 305
66 489
66 686
66 739
66 880
66 886
67 241
67 347
67 640
67 652
67 779
67 826
67 831
67 955
68 259
68 315
68 379
68 486
68 498
68 511
68 748
68 825
68 988
69 132
69 243
69 288
69 549
69 592
69 653
69 680
69 698
69 858
69 862
69 987
70 195
70 239
70 289
70 376
70 491
70 555
70 568
70 605
70 765
70 834
70 840
70 952
71 195
71 201
71 484
71 551
71 738
71 756
72 278
72 337
72 374
72 379
72 475
72 483
72 576
72 642
72 863
72 899
72 925
72 971
72 994
73 101
73 135
73 321
73 343
73 487
73 535
73 596
73 620
73 681
73 685
73 717
73 750
73 781
73 830
73 992
74 80
74 158
74 192
74 194
74 250
74 337
74 463
74 495
74 502
74 616
74 625
74 781
74 884
75 179
75 204
75 376
75 430
75 507
75 833
75 866
75 919
76 121
76 273
76 283
76 840
76 885
76 921
76 983
77 140
77 154
77 167
77 401
77 524
77 533
77 618
77 625
77 682
77 952
78 167
78 268
78 313
78 408
78 428
78 480
78 551
78 689
79 147
79 167
79 358
79 619
79 822
79 914
80 199
80 226
80 261
80 264
80 341
80 421
80 644
80 700
80 739
80 748
80 847
80 876
80 912
80 938
81 181
81 197
81 232
81 262
81 370
81 407
81 676
81 887
81 958
82 181
82 214
82 412
82 426
82 456
82 770
82 778
82 849
82 857
82 921
83 148
83 200
83 237
83 332
83 415
83 432
83 718
83 925
84 154
84 195
84 219
84 320
84 345
84 461
84 638
84 685
84 768
84 843
85 149
85 158
85 181
85 264
85 268
85 277
85 386
85 462
85 549
85 555
85 738
85 805
86 94
86 336
86 383
86 474
86 491
86 784
86 820
86 841
86 949
87 134
87 135
87 136
87 187
87 320
87 441
87 625
87 806
87 884
87 899
88 248
88 265
88 448
88 449
88 460
88 481
88 851
89 406
89 439
89 495
89 795
89 800
90 186
90 224
90 335
90 344
90 426
90 427
90 508
90 544
90 611
90 711
90 858
90 922
90 935
91 125
91 265
91 266
91 460
91 473
91 560
91 618
91 726
91 735
92 123
92 392
92 505
92 777
92 797
92 850
92 892
92 943
93 200
93 214
93 223
93 284
93 321
93 466
93 748
93 786
93 869
94 107
94 174
94 258
94 322
94 430
94 474
94 861
94 972
94 993
95 342
95 357
95 412
95 427
95 439
95 508
95 539
95 770
95 832
95 937
95 965
96 123
96 156
96 203
96 466
96 694
96 705
96 744
97 253
97 329
97 401
97 534
97 587
97 599
97 828
97 915
98 188
98 262
98 304
98 383
98 599
98 660
98 671
99 337
99 386
99 450
99 571
99 738
99 805
99 835
99 933
100 120
100 182
100 429
100 607
100 703
100 753
100 767
101 105
101 161
101 164
101 253
101 306
101 313
101 379
101 427
101 429
101 562
101 605
101 614
101 616
101 677
101 692
101 757
101 931
101 958
102 105
102 199
102 345
102 368
102 406
102 518
102 746
102 838
103 133
103 220
103 241
103 325
103 349
103 361
103 387
103 441
103 773
103 914
104 146
104 161
104 169
104 200
104 219
104 259
104 678
104 734
104 990
105 203
105 258
105 263
105 273
105 583
105 703
105 831
106 123
106 160
106 231
106 288
106 365
106 443
106 679
106 934
106 949
107 125
107 164
107 280
107 407
107 465
107 534
107 648
107 689
107 699
107 745
107 830
107 931
108 164
108 433
108 457
108 513
108 518
108 574
108 666
108 718
108 833
108 859
108 863
108 873
108 924
108 974
108 997
109 118
109 146
109 353
109 383
109 644
109 919
109 991
110 301
110 369
110 431
110 566
110 668
110 699
110 703
110 795
110 815
110 853
110 863
110 932
111 138
111 159
111 162
111 209
111 267
111 417
111 493
111 579
111 615
111 632
111 678
111 884
111 956
112 114
112 243
112 251
112 673
112 708
112 754
112 892
113 209
113 269
113 400
113 402
113 475
113 554
113 658
113 754
113 786
113 797
113 824
113 848
114 204
114 333
114 359
114 364
114 385
114 652
114 729
114 804
114 822
114 964
114 980
115 138
115 342
115 448
115 456
115 582
115 597
115 643
115 678
115 696
115 706
115 817
115 955
115 975
116 171
116 333
116 335
116 341
116 368
116 589
116 680
116 985
117 168
117 243
117 244
117 368
117 386
117 433
117 469
117 542
117 556
117 583
117 645
117 667
117 862
117 910
117 973
117 986
118 142
118 177
118 211
118 328
118 523
118 617
118 625
118 713
118 730
118 833
118 837
118 878
119 229
119 248
119 266
119 271
119 328
119 645
119 957
120 243
120 723
120 734
120 743
120 790
120 968
121 201
121 295
121 421
121 445
121 611
121 695
121 874
121 930
122 243
122 297
122 304
122 436
122 441
122 523
122 546
122 575
122 582
122 813
122 887
122 908
123 175
123 203
123 265
123 472
123 481
123 768
123 806
123 846
123 893
123 968
124 262
124 269
124 318
124 324
124 598
124 610
124 660
124 673
124 807
124 944
125 184
125 206
125 273
125 315
125 375
125 416
125 436
125 501
125 730
125 877
125 894
125 953
126 292
126 364
126 426
126 439
126 548
126 972
127 210
127 222
127 387
127 463
127 498
127 510
127 553
127 731
127 858
128 222
128 248
128 324
128 646
128 776
128 806
128 822
128 833
128 910
129 249
129 392
129 407
129 738
129 833
129 835
129 907
130 212
130 236
130 431
130 462
130 875
130 956
131 524
131 541
131 846
131 926
132 360
132 397
132 538
132 611
132 749
132 774
132 852
133 264
133 329
133 362
133 925
134 155
134 272
134 359
134 390
134 614
134 631
134 747
134 814
134 828
134 862
134 954
135 397
135 451
135 489
135 655
135 873
135 937
136 176
136 540
136 662
136 864
137 345
137 448
137 498
137 653
137 749
137 894
137 917
137 937
137 986
138 387
138 438
138 444
138 546
138 602
138 685
138 711
138 743
138 799
138 822
138 866
139 261
139 327
139 356
139 535
139 782
139 798
139 856
139 902
139 906
140 157
140 171
140 186
140 255
140 366
140 401
140 511
140 527
140 554
140 585
140 711
140 748
140 772
140 863
141 244
141 589
141 623
141 670
141 832
141 857
141 878
142 412
142 534
142 594
142 609
142 621
142 642
142 705
142 731
142 841
142 964
143 166
143 249
143 328
143 450
143 514
143 614
143 770
143 867
143 886
143 985
143 986
144 265
144 410
144 871
145 181
145 230
145 277
145 292
145 367
145 441
145 630
145 736
145 771
145 821
145 882
146 173
146 193
146 257
146 331
146 584
146 593
146 613
146 695
146 700
146 714
146 920
147 195
147 349
147 385
147 411
147 575
147 692
147 720
147 828
147 995
148 179
148 297
148 439
148 573
148 621
148 836
149 158
149 481
149 545
149 619
149 808
150 152
150 334
150 659
150 703
150 730
150 832
150 856
150 895
150 981
150 999
151 270
151 360
151 433
151 502
151 524
151 673
151 711
151 843
151 935
151 956
151 958
152 272
152 360
152 533
152 796
152 821
152 880
152 944
153 254
153 349
153 477
153 563
153 610
153 636
153 648
153 808
154 349
154 372
154 503
154 605
154 821
154 923
154 954
155 181
155 237
155 282
155 455
155 525
155 585
155 975
156 298
156 326
156 350
156 638
156 796
157 198
157 303
157 447
157 510
157 629
157 815
157 929
157 968
157 980
158 243
158 290
158 387
158 426
158 432
158 439
158 512
158 514
158 568
158 576
158 669
158 775
158 950
158 961
159 184
159 212
159 575
159 732
159 846
160 162
160 228
160 716
160 786
160 813
160 819
161 164
161 316
161 437
161 447
161 476
161 800
161 827
161 977
162 175
162 331
162 419
162 434
162 479
162 587
162 631
162 930
162 935
162 942
163 232
163 305
163 409
163 500
163 871
163 938
164 255
164 599
164 691
165 174
165 175
165 345
165 553
165 557
165 727
165 820
165 948
166 167
166 293
166 315
166 338
166 452
166 550
166 562
166 571
166 619
166 821
166 901
166 935
167 241
167 301
167 334
167 338
167 401
167 433
167 627
167 635
167 680
167 721
167 818
167 821
167 993
168 174
168 432
168 445
168 556
168 710
168 955
169 214
169 467
169 682
169 732
169 738
169 777
169 814
169 912
169 924
170 255
170 406
170 488
170 600
170 717
170 935
170 955
171 258
171 329
171 352
171 437
171 517
171 668
171 711
171 830
171 850
171 938
172 269
172 405
172 416
172 589
172 770
172 867
172 910
173 473
173 504
173 632
173 664
173 848
174 200
174 210
174 255
174 450
174 609
174 796
174 804
174 997
175 432
175 620
175 624
175 626
175 636
175 818
175 842
175 846
175 907
175 929
176 282
176 322
176 389
176 509
176 551
176 604
176 643
176 686
176 861
176 932
176 966
177 204
177 312
177 384
177 412
177 452
177 512
177 685
177 703
177 725
177 985
177 988
177 995
178 424
178 497
178 546
178 597
178 750
178 796
178 995
179 204
179 291
179 409
179 592
179 689
179 714
179 722
180 252
180 401
180 643
180 711
180 721
180 726
180 728
180 855
180 984
181 229
181 294
181 342
181 350
181 574
181 613
181 674
181 748
181 752
181 775
181 863
181 871
182 220
182 265
182 471
182 575
182 801
182 807
182 861
183 184
183 213
183 596
183 699
183 759
183 845
183 849
183 875
183 883
184 316
184 537
184 551
184 605
184 672
184 861
184 913
184 935
184 946
184 947
184 950
185 291
185 354
185 368
185 410
185 441
185 496
185 526
185 662
185 702
185 773
185 774
185 890
185 994
186 324
186 406
186 625
186 739
187 204
187 412
187 717
187 860
187 932
187 989
188 223
188 435
188 593
188 780
188 849
188 923
189 310
189 467
189 516
189 635
189 665
189 912
189 983
190 353
190 451
190 455
190 467
190 572
190 643
190 677
190 798
190 893
190 964
191 200
191 313
191 468
191 504
191 656
191 685
191 808
191 869
192 358
192 369
192 389
192 423
192 639
192 649
192 944
193 195
193 271
193 335
193 362
193 463
193 481
193 502
193 616
194 221
194 292
194 416
194 423
194 472
194 496
194 750
194 795
194 851
194 908
194 962
195 272
195 331
195 361
195 487
195 596
195 626
195 643
195 658
195 749
195 844
195 856
195 968
196 420
196 793
197 211
197 318
197 370
197 399
197 402
197 447
197 462
197 481
197 525
197 543
197 761
197 819
197 913
198 323
198 361
198 477
198 589
198 901
198 936
198 970
199 209
199 373
199 503
199 573
199 701
199 795
199 837
199 856
200 255
200 275
200 569
200 808
200 820
200 908
201 289
201 368
201 509
201 619
201 850
202 209
202 526
202 599
202 607
202 736
202 813
203 290
203 513
203 596
203 767
203 802
203 852
203 885
204 392
204 475
204 519
204 723
204 756
204 790
204 895
205 251
205 279
205 371
205 422
205 508
205 643
205 675
205 793
205 811
206 332
206 522
206 639
206 810
206 987
207 350
207 594
207 695
207 723
207 897
208 290
208 373
208 406
208 444
208 668
208 678
208 736
208 937
208 988
209 415
209 568
209 578
209 769
209 844
209 938
210 296
210 389
210 470
210 541
210 591
210 652
210 730
210 857
210 885
210 989
211 283
211 504
211 572
211 586
211 605
211 659
211 708
211 769
211 787
211 792
211 864
211 923
212 232
212 462
212 561
212 648
212 844
212 862
213 372
213 395
213 431
213 664
213 712
213 838
213 912
213 914
213 934
214 280
214 359
214 446
214 790
214 813
214 932
214 966
215 240
215 256
215 301
215 566
215 625
215 769
215 817
215 880
215 907
215 934
215 989
215 996
216 614
216 624
216 865
216 945
217 228
217 293
217 360
217 646
217 689
217 887
218 236
218 243
218 284
218 414
218 609
218 645
218 741
218 747
218 822
218 994
219 229
219 328
219 361
219 459
219 497
219 588
219 621
219 636
219 769
219 824
219 855
219 888
220 225
220 270
220 645
220 729
220 845
221 486
221 494
221 639
221 681
221 706
221 721
221 724
221 795
221 830
221 964
222 288
222 604
222 686
222 708
222 964
222 990
223 445
223 680
223 862
223 905
223 921
224 286
224 377
224 478
224 510
224 556
224 676
224 747
224 764
224 777
224 887
225 321
225 355
225 373
225 388
225 463
225 481
225 531
225 594
225 669
225 681
225 715
225 795
225 811
225 978
225 993
226 264
226 446
226 520
226 709
226 766
226 784
226 853
227 316
227 399
227 402
227 412
227 467
227 645
227 680
227 923
227 940
227 971
228 402
228 498
228 538
228 603
228 784
229 253
229 296
229 307
229 590
229 638
229 731
230 294
230 425
230 524
230 584
230 690
230 699
230 743
230 834
230 862
230 931
230 984
231 269
231 283
231 356
231 518
231 525
231 575
231 668
231 717
231 954
232 454
232 669
232 822
233 317
233 409
233 466
233 471
233 553
233 652
233 797
234 314
234 600
234 639
234 872
235 254
235 432
235 649
235 701
235 736
235 769
235 805
236 251
236 263
236 291
236 313
236 400
236 590
236 704
236 750
236 783
236 870
236 929
236 976
237 252
237 327
237 361
237 472
237 567
237 579
237 653
237 673
237 694
237 871
237 904
237 958
237 969
238 247
238 277
238 403
238 483
238 575
238 588
238 614
238 662
238 780
238 787
238 959
239 365
239 392
239 623
239 637
240 245
240 270
240 310
240 311
240 343
240 488
240 744
240 747
240 780
240 786
240 865
241 347
241 349
241 446
241 994
242 268
242 631
242 633
242 715
242 807
242 941
242 977
243 362
243 440
243 471
243 473
243 789
243 904
244 256
244 265
244 291
244 409
244 438
244 467
244 564
244 673
244 691
244 856
244 927
244 989
245 281
245 332
245 461
245 469
245 756
245 971
246 395
246 451
246 475
246 508
246 607
246 749
246 778
246 963
246 983
247 248
247 272
247 297
247 374
247 588
247 593
247 614
247 617
247 623
247 744
247 816
247 879
247 902
247 918
248 257
248 280
248 285
248 301
248 434
248 509
248 510
248 581
248 697
248 867
248 902
248 962
249 458
249 571
249 588
249 649
249 653
249 718
249 732
249 894
249 966
250 412
250 416
250 528
250 567
250 652
250 740
250 833
250 914
250 951
250 982
251 399
251 445
251 554
251 712
251 931
252 608
252 669
252 781
253 608
253 652
253 719
253 888
253 923
254 330
254 333
254 550
254 560
254 627
254 714
254 793
255 296
255 490
255 498
255 668
255 778
255 780
255 832
256 331
256 342
256 368
256 375
256 384
256 417
256 486
256 588
256 662
256 683
256 845
256 872
256 910
256 950
256 967
257 331
257 565
257 665
257 690
257 953
258 311
258 349
258 480
258 540
258 680
258 681
258 775
258 832
258 841
259 354
259 385
259 396
259 398
259 434
259 557
259 613
259 675
259 966
260 264
260 387
260 525
260 596
260 622
260 628
260 671
260 840
260 870
260 985
261 317
261 331
261 334
261 353
261 384
261 484
261 587
261 647
261 749
261 889
261 905
262 307
262 315
262 529
262 652
262 684
262 786
262 857
262 920
262 966
263 374
263 733
264 276
264 419
264 671
264 699
264 751
264 929
265 333
265 401
265 402
265 732
265 760
266 335
266 405
266 485
266 618
266 932
266 959
267 338
267 963
268 352
268 814
268 894
268 963
269 407
269 537
269 591
269 728
269 745
269 933
269 937
270 281
270 452
270 491
270 533
270 595
270 644
270 684
270 714
270 801
270 871
270 882
271 419
271 424
271 615
271 671
271 834
271 964
272 399
272 626
272 868
272 975
273 399
273 412
273 536
273 626
273 661
273 687
273 699
274 291
274 420
274 444
274 495
274 912
274 999
275 432
275 771
275 844
275 912
276 297
276 307
276 347
276 358
276 389
276 413
276 493
276 631
276 635
276 673
276 708
276 875
276 970
277 406
277 592
277 664
277 722
277 784
278 295
278 307
278 358
278 451
278 531
278 562
278 653
278 654
278 743
278 781
278 786
278 799
279 325
279 512
280 289
280 327
280 433
280 527
280 582
280 626
280 790
280 970
280 978
281 400
281 413
281 438
281 503
281 508
281 524
281 525
281 543
281 618
281 683
281 863
282 294
282 301
282 315
282 342
282 347
282 422
282 510
282 591
282 603
282 688
282 847
282 895
282 905
283 366
283 422
283 435
283 515
283 532
283 733
283 782
283 912
283 926
283 964
283 987
284 351
284 538
284 543
284 596
284 632
284 687
284 854
284 860
284 964
285 309
285 319
285 371
285 422
285 426
285 631
285 655
285 831
285 968
285 983
286 483
286 524
286 581
286 617
286 699
286 749
286 853
286 884
287 361
287 466
287 537
287 620
287 694
287 868
287 979
288 293
288 409
288 428
288 472
288 778
288 838
288 923
288 925
288 988
289 301
289 337
289 437
289 525
289 753
289 765
289 986
290 303
290 426
290 538
290 547
290 575
290 591
290 600
290 682
291 535
291 595
291 914
292 616
292 733
292 744
292 913
293 416
293 431
293 437
293 528
293 650
293 691
293 776
294 395
294 401
294 467
294 483
294 485
294 531
294 547
294 561
294 627
294 719
294 740
294 744
294 756
294 893
294 896
295 390
295 411
295 462
295 556
295 625
295 775
295 922
295 991
296 298
296 302
296 540
296 773
296 968
297 404
297 666
297 671
297 700
298 444
298 472
298 473
298 531
298 592
298 647
298 668
298 834
299 355
299 684
299 794
299 802
299 890
299 947
300 385
300 592
300 660
300 789
300 801
300 892
300 920
301 364
301 386
301 542
301 653
301 778
301 788
301 859
302 330
302 349
302 388
302 605
302 627
302 644
302 941
302 942
302 979
302 996
303 348
303 418
303 438
303 462
303 771
303 790
304 398
304 400
304 424
304 498
304 594
304 620
304 681
304 702
304 736
304 776
305 336
305 982
306 414
306 434
306 473
306 693
306 763
306 803
306 891
307 522
307 538
307 549
307 838
307 895
307 928
308 453
308 498
308 698
308 703
308 796
308 948
309 513
309 528
309 545
309 580
309 725
309 769
309 793
309 887
309 889
310 378
310 406
310 601
310 620
310 723
310 880
311 338
311 431
311 454
311 575
311 601
311 698
311 727
311 755
311 793
311 905
311 973
312 322
312 359
312 532
312 676
312 920
313 324
313 329
313 388
313 469
313 738
313 770
313 938
314 619
314 626
314 790
314 856
315 490
315 528
315 829
315 892
315 969
315 994
316 348
316 545
316 648
316 916
316 920
317 481
317 524
317 807
317 819
318 458
318 635
318 674
318 742
318 778
318 840
318 952
319 379
319 404
319 406
319 485
319 519
319 678
319 780
319 999
320 326
320 377
320 419
320 533
320 590
320 905
320 933
321 368
321 447
321 967
322 363
322 406
322 761
322 835
322 882
322 980
322 990
323 441
323 449
323 573
323 938
324 356
324 577
324 599
324 832
325 348
325 416
325 457
325 469
325 492
325 528
325 548
325 688
325 747
325 776
325 816
325 874
325 880
325 983
326 373
326 501
326 681
326 683
326 781
326 804
326 966
326 971
326 983
327 496
327 525
327 635
327 697
327 731
327 922
327 946
328 779
328 810
328 922
328 989
329 332
329 438
329 494
329 769
329 978
330 471
330 616
330 732
330 862
331 565
331 754
331 880
332 373
332 416
332 938
332 979
333 338
333 347
333 353
333 378
333 919
333 980
334 719
334 872
334 899
335 343
335 440
335 444
335 475
335 535
335 784
335 877
335 878
336 443
336 520
336 538
336 575
336 641
336 714
336 719
336 973
337 483
337 491
337 541
337 610
337 617
337 772
337 785
337 791
337 801
337 906
338 341
338 365
338 366
338 448
338 539
338 584
338 607
338 663
338 693
338 820
338 833
338 882
339 504
339 601
339 623
339 873
339 875
339 879
339 938
340 494
340 589
340 607
340 682
340 734
340 949
340 979
341 451
341 528
341 602
341 675
342 367
342 398
342 613
342 753
342 780
342 807
342 926
342 951
343 484
343 500
343 584
343 632
343 634
343 752
343 892
344 405
344 605
344 814
344 890
344 917
344 940
344 946
345 442
345 464
345 498
345 500
345 565
345 654
345 821
345 871
345 962
346 444
346 473
346 617
346 676
346 720
346 749
346 905
346 999
347 387
347 448
347 499
347 610
347 677
347 692
347 737
347 847
347 868
347 874
347 914
347 922
347 987
348 413
348 618
348 643
348 747
348 787
348 806
348 906
348 945
349 620
349 793
350 498
350 943
351 378
351 544
351 614
351 785
351 806
352 521
352 708
352 851
352 884
352 900
353 455
353 594
353 804
354 581
354 667
354 911
355 390
355 392
355 430
355 810
355 903
355 981
356 445
356 465
356 519
356 543
356 570
356 885
357 540
357 602
357 623
357 668
357 694
357 851
357 910
357 964
357 995
358 377
358 841
358 903
358 967
359 502
359 832
360 446
360 608
360 847
360 989
361 488
361 625
361 864
361 876
361 981
362 365
362 409
362 577
362 612
362 635
362 795
362 803
362 927
362 943
362 945
363 513
363 599
363 651
363 809
363 991
364 426
364 475
364 729
364 922
364 998
365 777
365 793
365 827
365 904
365 919
365 967
366 431
366 489
366 543
366 616
366 639
366 655
366 742
366 746
366 756
366 798
367 406
367 641
367 746
367 981
368 459
368 577
368 638
368 933
368 979
368 991
369 573
369 614
369 644
369 725
369 942
369 971
370 410
370 775
370 834
370 887
370 984
371 482
371 661
371 729
371 731
371 823
371 828
371 837
371 892
371 905
372 454
372 647
372 692
372 695
372 755
372 907
373 437
373 549
373 565
373 569
373 750
373 791
374 412
374 481
374 557
374 734
374 833
375 519
375 739
375 786
375 814
375 868
375 898
375 909
375 914
375 959
375 970
376 439
376 446
376 451
376 479
376 589
376 624
376 799
376 929
377 511
377 646
377 746
377 984
378 806
378 827
378 875
378 886
379 538
379 593
379 996
380 506
380 729
380 890
380 893
380 957
380 988
380 999
381 479
381 538
381 545
381 668
381 750
381 836
381 932
382 396
382 580
382 735
382 752
382 819
382 893
382 924
383 507
383 545
383 574
383 740
383 744
383 762
383 790
383 842
383 878
383 891
384 475
384 535
384 556
384 616
384 738
384 748
385 651
385 772
385 847
385 856
385 890
386 584
386 648
386 650
386 788
387 458
387 535
387 576
387 599
387 651
387 732
388 773
388 778
388 925
388 967
388 972
389 479
389 484
389 801
389 847
390 592
390 740
390 969
391 452
391 456
391 510
391 875
391 881
391 916
392 412
392 442
392 529
392 583
392 587
392 694
392 934
392 952
393 668
393 732
394 399
394 565
394 642
394 858
395 443
395 445
395 556
395 591
395 615
395 761
395 797
395 877
395 885
395 890
395 994
396 482
396 526
396 530
396 634
396 815
396 839
397 406
397 420
397 621
397 668
397 788
397 792
397 834
397 884
398 417
398 446
398 472
398 476
398 520
398 609
398 736
399 558
399 697
399 859
400 593
400 669
400 684
400 707
400 715
401 512
401 536
401 555
401 896
402 406
402 491
402 521
402 523
402 609
402 655
402 806
402 957
403 526
403 546
403 597
403 644
403 854
403 932
403 963
404 431
404 487
404 516
405 504
405 802
405 835
406 414
406 523
406 549
406 557
406 561
406 705
406 730
406 762
406 768
406 823
407 493
407 685
407 754
407 760
407 859
407 863
407 951
407 987
408 485
408 534
408 547
408 723
408 738
408 791
408 957
409 560
409 638
409 736
409 924
409 930
409 985
410 491
410 623
410 650
410 696
410 795
410 916
411 532
411 568
411 626
411 780
412 486
412 544
412 725
412 775
412 791
412 805
412 921
413 644
413 806
413 816
413 929
413 934
414 457
414 471
414 475
414 487
414 536
414 547
414 623
414 680
414 748
414 856
414 876
414 943
414 968
414 984
415 439
415 485
415 608
415 676
415 726
415 749
415 792
415 845
415 864
415 960
416 513
416 690
416 834
417 610
417 618
417 652
417 973
418 510
418 525
418 591
418 601
418 654
418 660
418 722
418 809
418 851
418 961
419 600
419 670
419 736
419 789
419 817
419 869
419 888
420 633
420 664
420 732
420 737
420 761
420 883
420 943
421 573
421 610
421 639
421 721
421 754
421 858
421 915
422 705
422 794
422 841
422 864
422 890
422 913
422 941
422 975
422 995
423 482
423 580
423 712
423 745
423 967
424 468
424 875
424 876
424 956
425 511
425 626
425 636
425 646
425 663
425 831
425 858
426 461
426 474
426 570
426 702
426 714
426 796
426 848
426 932
427 475
427 547
427 812
428 434
428 438
428 462
428 594
428 599
428 643
428 700
428 760
428 993
429 928
430 574
430 580
430 597
430 607
430 663
430 684
430 731
430 797
430 857
430 975
431 436
431 441
431 527
431 548
431 600
431 661
431 662
431 690
431 729
431 819
432 576
432 653
432 696
432 838
432 974
433 610
433 814
434 510
434 596
434 788
434 825
434 905
434 914
435 674
435 688
435 746
435 761
435 800
435 830
435 900
435 918
436 451
436 534
436 618
436 686
436 808
436 889
437 485
438 560
438 624
438 732
438 748
438 962
439 473
439 900
439 902
439 917
439 964
440 631
440 783
440 789
440 817
440 862
441 693
441 919
442 636
442 880
442 938
443 637
443 640
443 660
443 903
443 974
444 503
444 514
444 588
444 614
444 687
444 721
444 858
445 532
445 557
445 583
445 704
445 846
445 915
446 603
446 620
446 662
446 738
446 795
446 878
446 947
447 501
447 508
447 597
447 627
447 652
447 730
447 774
447 970
448 468
448 514
448 604
448 636
448 688
448 703
448 904
448 957
449 472
449 716
449 746
449 766
449 812
449 989
450 514
450 572
450 631
450 792
450 870
451 736
451 747
451 884
451 962
452 533
452 595
452 667
452 693
452 761
452 795
452 913
453 476
453 508
453 582
453 689
453 812
454 536
454 575
454 606
454 651
454 873
454 876
454 967
455 557
455 570
455 660
455 675
455 926
456 457
456 477
456 587
456 598
456 682
456 826
456 860
456 986
457 476
457 586
457 685
457 697
457 724
457 732
457 973
458 547
458 632
458 653
458 654
458 739
458 754
458 922
459 499
459 540
459 615
459 834
459 918
460 634
460 691
460 713
460 895
461 524
461 594
461 655
461 683
461 790
461 884
461 943
462 634
462 811
462 956
463 478
463 530
463 768
463 837
463 945
464 680
464 684
464 836
464 839
464 862
464 975
465 472
465 483
465 517
465 677
465 782
465 825
465 909
466 644
466 746
466 785
466 805
466 894
466 896
467 777
467 879
467 924
467 989
468 476
468 663
468 808
469 499
469 625
469 933
470 486
470 603
470 719
470 845
471 473
471 668
471 680
471 704
471 759
471 774
471 796
471 862
472 598
472 802
473 488
473 542
473 546
473 573
473 605
473 608
473 662
473 732
473 823
473 876
473 917
473 995
474 495
474 589
474 784
474 888
474 961
475 521
475 665
475 779
475 792
475 894
475 972
476 714
476 767
476 773
476 894
476 934
476 964
476 971
477 478
477 488
477 529
477 878
477 978
477 984
478 516
478 524
478 528
478 656
478 680
478 691
478 705
478 790
478 900
479 490
479 615
479 699
479 869
479 961
480 507
480 620
480 953
480 992
481 710
481 811
481 893
481 947
481 988
482 514
482 558
482 644
482 721
482 731
482 859
482 943
482 994
483 606
483 639
483 835
484 571
484 708
484 821
484 979
485 531
485 553
485 565
485 656
485 798
485 902
486 507
486 647
486 857
486 872
486 950
487 681
487 682
487 719
487 891
487 906
487 921
488 727
488 774
488 833
489 778
489 830
489 998
490 533
490 598
490 670
490 727
490 760
490 935
490 948
491 657
491 658
491 671
491 820
491 830
491 970
492 520
492 561
492 736
492 791
492 834
492 892
492 904
492 925
493 550
493 592
493 619
493 682
494 545
495 509
495 899
495 977
495 980
496 618
496 622
496 635
496 752
496 840
496 850
496 973
496 994
497 541
497 631
497 668
497 844
498 563
498 625
498 713
498 806
498 877
498 920
498 927
498 940
499 507
499 854
500 577
500 628
500 731
500 795
500 797
500 802
500 995
501 543
501 631
501 685
501 751
501 823
501 866
502 733
502 801
503 576
503 624
503 714
503 794
504 571
504 659
504 678
504 841
504 908
505 542
505 664
505 711
505 763
505 786
505 875
506 531
506 645
506 835
507 581
507 610
507 632
507 763
507 774
507 857
507 906
507 940
507 970
507 973
507 974
507 996
507 997
508 691
508 894
508 957
509 518
509 536
509 597
509 619
509 643
509 946
510 717
510 810
510 925
511 562
511 626
511 640
511 686
511 735
511 748
511 768
511 911
512 668
512 683
512 810
512 875
512 876
512 907
513 624
513 681
513 776
513 843
513 875
513 893
513 936
514 809
514 962
515 556
515 927
515 938
516 568
516 890
516 940
517 637
517 642
517 794
517 849
517 960
518 800
518 839
518 842
518 851
518 859
519 524
519 525
519 647
519 693
519 780
519 820
520 571
520 603
520 608
520 690
520 746
520 824
520 866
520 887
520 938
521 578
521 596
521 639
521 703
521 771
521 863
521 892
521 912
522 574
522 833
522 835
522 851
522 989
522 990
523 538
523 546
523 638
523 822
523 972
524 586
524 601
524 620
524 625
524 909
526 561
526 630
526 711
526 741
526 767
526 795
526 797
526 853
526 871
527 790
527 867
527 913
527 988
528 610
528 612
528 649
528 891
528 961
529 561
529 674
529 887
529 908
530 556
530 603
531 552
531 825
531 896
532 557
532 941
532 976
533 747
533 863
533 991
534 546
534 571
534 623
534 919
535 623
535 910
536 568
536 626
536 651
536 663
536 736
536 793
536 814
536 871
536 874
537 708
537 806
537 845
537 924
538 714
538 783
538 878
538 930
539 622
539 767
539 954
540 625
540 709
540 740
540 755
540 850
540 875
540 895
541 544
541 638
541 712
541 792
541 930
542 663
542 769
542 828
542 864
543 721
543 722
543 808
543 835
543 836
543 976
543 996
544 619
544 840
544 878
544 893
545 994
546 638
546 684
546 806
546 854
546 879
546 890
546 989
547 554
547 562
547 584
547 633
547 653
547 823
547 991
548 552
548 604
548 617
548 658
548 688
548 756
548 766
548 840
548 953
549 728
549 732
549 832
549 919
549 930
550 563
550 682
551 735
551 854
551 881
551 890
551 969
552 607
552 840
552 851
552 906
553 894
553 954
553 996
554 566
554 878
554 887
554 908
555 658
555 902
556 594
556 614
556 651
556 806
556 886
556 967
557 672
557 679
557 689
557 789
557 851
557 865
557 884
557 964
558 562
558 756
558 795
558 928
559 633
559 644
559 734
559 772
559 804
559 821
559 871
559 889
559 898
559 937
560 597
560 679
560 727
560 904
561 581
561 769
561 838
561 938
561 975
562 930
562 942
562 978
562 998
563 811
563 846
564 640
564 870
565 586
565 587
565 618
565 861
566 571
566 816
567 579
567 601
568 671
568 684
568 992
569 585
569 618
569 770
569 786
569 875
569 919
570 596
570 657
571 701
571 891
571 893
572 700
572 713
572 721
572 964
572 999
573 664
573 682
573 721
573 755
573 776
573 919
573 992
574 641
574 675
574 676
574 901
574 938
574 982
574 999
575 702
575 772
575 864
575 954
576 589
576 662
576 751
576 799
576 843
576 997
577 610
577 665
577 790
577 892
577 943
578 663
578 766
578 801
578 950
579 652
579 819
579 834
579 929
580 642
580 809
581 790
581 817
581 964
581 978
581 998
582 584
582 605
582 653
582 712
582 831
582 837
582 874
583 938
584 599
584 661
584 686
584 791
585 767
585 917
586 617
586 720
586 919
586 955
586 995
587 603
587 620
587 629
587 633
587 659
587 662
587 728
587 767
587 787
587 810
587 848
587 890
588 611
588 625
588 629
588 653
588 990
589 611
589 680
589 833
589 834
589 923
590 642
590 706
591 746
591 832
591 838
591 852
592 708
592 814
592 816
592 910
592 921
592 965
593 713
593 761
593 970
594 646
594 663
594 691
594 776
594 783
595 750
595 804
595 819
595 916
595 923
596 640
596 653
596 689
596 758
596 884
597 761
597 784
597 792
597 838
597 910
597 986
598 621
598 721
598 758
598 854
598 953
599 653
599 762
599 781
599 820
599 867
599 873
599 933
600 857
602 620
602 800
602 929
602 994
603 623
603 643
603 691
603 692
604 628
604 757
604 772
604 824
604 848
604 879
604 912
605 719
605 802
605 856
605 944
605 997
606 822
606 841
606 892
606 905
607 731
607 754
607 851
607 858
608 737
608 814
608 886
608 955
609 621
609 828
609 922
610 965
610 997
611 623
611 657
611 827
611 845
611 897
612 911
612 934
613 667
613 736
613 830
614 694
614 845
614 911
615 711
615 777
615 822
615 892
616 636
616 637
616 669
616 692
616 718
616 764
616 765
616 768
616 860
616 867
616 895
616 909
616 923
616 936
617 630
617 643
617 736
617 764
617 853
617 939
617 951
618 675
618 676
618 995
619 752
619 871
619 873
619 875
619 888
620 633
620 689
620 807
620 848
620 910
621 761
621 808
622 671
622 798
623 649
623 679
623 697
624 798
624 829
624 848
624 956
625 652
625 687
625 689
626 637
626 676
626 819
626 866
626 952
627 703
627 954
628 970
629 644
630 658
630 825
631 654
631 868
631 990
632 872
632 958
633 664
633 842
633 892
633 938
633 967
634 658
634 694
634 732
634 820
634 832
634 850
634 992
635 830
635 845
635 855
635 856
635 906
636 858
636 924
636 984
637 810
637 891
638 698
638 815
639 661
639 756
639 782
639 848
639 861
640 697
640 698
641 655
641 835
641 954
641 973
641 986
642 681
642 705
642 749
642 925
642 927
643 668
643 701
643 886
643 968
644 875
644 891
645 782
646 713
646 715
647 685
647 882
647 914
647 999
648 687
648 827
648 854
648 880
648 978
648 987
649 795
649 807
649 920
650 731
650 899
650 902
650 976
651 656
651 781
651 980
652 655
652 717
652 746
653 747
653 777
653 817
653 997
654 702
654 710
655 898
655 910
655 989
655 993
656 669
656 733
656 760
656 870
657 712
657 794
657 806
658 879
658 900
659 667
659 808
659 885
659 901
659 923
659 973
660 726
660 804
660 922
660 926
660 964
662 731
662 788
662 887
662 922
662 935
663 719
663 831
663 992
664 711
665 707
665 708
665 761
665 766
665 886
666 725
666 736
666 771
666 808
666 927
667 696
667 837
668 670
668 801
668 832
668 834
668 864
668 865
668 895
669 960
669 974
669 987
670 712
670 754
670 783
670 790
670 964
671 675
671 840
671 865
671 900
672 697
672 733
672 823
672 828
672 883
673 883
673 967
673 977
674 708
674 863
674 948
675 819
676 710
676 752
676 855
677 913
677 916
677 937
677 983
678 690
678 708
678 837
678 919
678 948
679 688
679 769
679 801
680 804
680 945
681 973
682 745
682 767
682 989
683 684
683 759
683 765
684 736
684 819
684 891
684 963
685 705
685 723
685 806
685 884
686 750
687 690
687 729
687 895
687 920
687 927
687 974
687 994
688 954
688 971
689 720
689 893
689 974
690 839
691 719
691 758
691 772
691 849
691 882
692 767
692 787
692 816
692 921
693 775
693 914
694 800
694 863
694 996
695 842
695 994
696 745
696 759
696 793
696 848
697 711
697 736
697 742
698 702
698 755
698 847
698 853
698 900
698 916
699 951
701 766
701 829
701 934
702 739
702 756
703 732
703 764
703 774
703 966
703 973
704 866
704 932
705 929
706 725
706 761
706 924
707 743
708 715
708 765
708 808
708 937
708 996
709 933
710 762
710 894
710 947
711 835
711 866
711 974
712 974
713 734
713 750
713 993
714 749
714 927
715 815
715 898
716 721
717 801
717 824
717 920
718 744
718 951
719 840
719 943
720 975
721 822
721 851
721 874
721 971
722 925
723 768
723 923
724 761
725 744
726 781
726 977
727 918
727 992
727 995
727 999
728 762
728 783
728 796
728 910
728 993
730 845
731 757
731 820
731 830
731 881
731 897
731 949
732 764
732 938
733 847
733 952
733 958
734 766
734 876
734 903
735 956
736 747
736 913
737 816
737 958
738 890
739 745
739 777
739 808
739 825
739 831
739 890
740 750
740 809
740 869
740 911
741 760
742 880
742 885
743 853
743 923
743 967
743 977
744 786
745 814
745 869
745 934
746 862
747 814
747 911
748 767
748 875
749 792
749 950
749 977
750 754
750 787
750 967
751 777
751 788
751 805
751 902
751 941
751 957
751 992
752 793
752 830
752 969
753 977
754 825
754 849
754 923
755 837
756 911
757 884
757 961
760 819
760 982
760 983
761 783
761 807
762 807
762 835
762 856
762 942
762 956
763 782
763 856
763 905
763 907
763 912
763 948
763 964
763 974
763 994
763 996
764 800
764 867
766 854
766 897
767 893
767 907
769 844
769 992
770 949
771 988
771 990
772 793
772 900
772 983
774 789
774 957
775 823
775 854
775 909
775 945
776 793
776 834
776 926
777 788
777 802
777 949
778 797
778 852
778 983
780 904
780 987
781 788
781 803
781 806
781 958
781 973
782 861
782 888
783 864
783 920
784 805
784 844
784 892
784 958
786 797
786 817
786 895
786 922
786 951
786 975
786 988
787 794
787 870
788 794
788 919
788 968
789 996
790 977
791 810
791 894
791 912
791 978
791 990
792 843
793 849
793 894
796 997
797 826
797 927
797 947
797 964
798 842
798 855
799 816
799 840
799 904
800 923
801 837
801 931
802 837
803 904
803 939
803 956
804 945
804 959
804 974
804 987
805 840
805 891
805 949
805 957
805 966
805 987
806 807
806 814
806 838
806 847
806 925
806 932
807 937
808 832
808 876
808 880
809 816
809 854
810 822
810 826
810 888
810 918
810 965
811 858
812 938
812 948
813 818
813 852
813 958
814 948
814 949
814 978
815 860
815 904
815 923
815 978
816 838
816 950
817 819
817 904
818 946
820 900
820 953
821 850
821 862
821 896
822 862
823 928
824 915
825 870
826 870
826 874
827 833
827 838
828 936
828 944
828 962
829 893
829 970
829 993
830 855
830 947
831 908
831 914
831 933
832 931
832 998
833 965
833 976
833 992
834 871
835 887
838 888
838 894
838 996
839 901
840 925
841 888
842 844
843 961
844 856
844 962
845 925
846 949
849 951
850 948
851 857
851 900
851 935
851 942
852 875
853 971
854 860
854 929
855 856
855 888
856 995
857 894
858 953
858 973
860 904
860 905
862 874
863 926
864 995
865 874
865 901
866 878
867 975
868 897
868 980
869 871
869 879
870 875
870 912
871 920
874 948
875 879
876 936
878 941
879 882
881 897
881 948
883 987
884 885
884 980
884 996
884 997
885 923
887 937
888 915
888 961
889 933
889 999
890 900
890 915
891 903
892 902
892 914
895 982
897 959
897 961
898 910
898 979
901 974
901 981
904 971
905 906
906 968
907 968
909 924
912 921
913 993
915 941
916 971
917 960
917 999
919 977
920 951
921 958
922 939
922 999
924 987
925 976
927 982
928 929
929 937
933 959
934 955
936 997
939 952
940 957
942 987
943 970
947 984
951 989
954 961
954 986
955 966
958 960
958 989
959 971
959 975
959 980
960 995
962 988
965 967
968 986
968 991
971 991
973 974
977 981
981 982
983 986
983 990
984 991
